1.904605269432067871e+00
1.846151471138000488e+00
1.638825535774230957e+00
1.563773155212402344e+00
1.394083976745605469e+00
1.175997257232666016e+00
1.093771934509277344e+00
1.047699928283691406e+00
9.562738537788391113e-01
9.066281914710998535e-01
8.381747007369995117e-01
7.681781649589538574e-01
7.456260323524475098e-01
7.391386032104492188e-01
7.327579259872436523e-01
7.213401198387145996e-01
7.080031037330627441e-01
6.967941522598266602e-01
6.813209056854248047e-01
6.709744334220886230e-01
6.638431549072265625e-01
6.570659875869750977e-01
6.538553833961486816e-01
6.509642004966735840e-01
6.463081240653991699e-01
6.381343007087707520e-01
6.217944025993347168e-01
6.056255102157592773e-01
6.056150794029235840e-01
6.006557941436767578e-01
5.964868068695068359e-01
5.899250507354736328e-01
5.856616497039794922e-01
5.831072926521301270e-01
5.776495337486267090e-01
5.679065585136413574e-01
5.591741204261779785e-01
5.524591207504272461e-01
5.487323999404907227e-01
5.461717247962951660e-01
5.444145798683166504e-01
5.433067083358764648e-01
5.427706241607666016e-01
5.423617362976074219e-01
5.417944788932800293e-01
5.408379435539245605e-01
5.393341183662414551e-01
5.372257232666015625e-01
5.348911881446838379e-01
5.326805710792541504e-01
5.306210517883300781e-01
5.279175043106079102e-01
5.247848629951477051e-01
5.209810733795166016e-01
5.155443549156188965e-01
5.101752877235412598e-01
5.076040625572204590e-01
5.061594843864440918e-01
5.048479437828063965e-01
5.036812424659729004e-01
5.020858645439147949e-01
5.005286931991577148e-01
4.991788566112518311e-01
4.984577298164367676e-01
4.977556169033050537e-01
4.969339966773986816e-01
4.958995282649993896e-01
4.939704239368438721e-01
4.897580444812774658e-01
4.840278029441833496e-01
4.796648323535919189e-01
4.749035835266113281e-01
4.770475327968597412e-01
4.738532304763793945e-01
4.718295335769653320e-01
4.713637232780456543e-01
4.700400829315185547e-01
4.672424793243408203e-01
4.631440341472625732e-01
4.584044814109802246e-01
4.538239538669586182e-01
4.522020518779754639e-01
4.511790871620178223e-01
4.501017928123474121e-01
4.485143721103668213e-01
4.473146498203277588e-01
4.451910257339477539e-01
4.411080181598663330e-01
4.362880885601043701e-01
4.327970445156097412e-01
4.277645945549011230e-01
4.268790185451507568e-01
4.235520064830780029e-01
4.164658188819885254e-01
4.140674173831939697e-01
4.114875495433807373e-01
4.093580842018127441e-01
4.073725938796997070e-01
4.063212871551513672e-01
4.054690301418304443e-01
4.048575162887573242e-01
4.038015305995941162e-01
4.014513194561004639e-01
3.975568413734436035e-01
3.932478129863739014e-01
3.886964321136474609e-01
3.866695761680603027e-01
3.831630349159240723e-01
3.782947957515716553e-01
3.732590973377227783e-01
3.680222928524017334e-01
3.627079427242279053e-01
3.595305383205413818e-01
3.566225767135620117e-01
3.538230359554290771e-01
3.502538502216339111e-01
3.455201983451843262e-01
3.426746129989624023e-01
3.388537764549255371e-01
3.353672623634338379e-01
3.316286504268646240e-01
3.282579481601715088e-01
3.229694664478302002e-01
3.180606365203857422e-01
3.131019175052642822e-01
3.091136515140533447e-01
3.059894740581512451e-01
3.029638230800628662e-01
2.994953691959381104e-01
2.942433655261993408e-01
2.891108095645904541e-01
2.809104323387145996e-01
2.765143513679504395e-01
2.674914598464965820e-01
2.617236673831939697e-01
2.565356791019439697e-01
2.524040937423706055e-01
2.498136311769485474e-01
2.422755360603332520e-01
2.362881153821945190e-01
2.322989404201507568e-01
2.271719276905059814e-01
2.234110385179519653e-01
2.211482971906661987e-01
2.193495482206344604e-01
2.169949412345886230e-01
2.138089984655380249e-01
2.109980434179306030e-01
2.052268534898757935e-01
1.999736726284027100e-01
1.965553164482116699e-01
1.956653147935867310e-01
1.940330862998962402e-01
1.909761875867843628e-01
1.871613860130310059e-01
1.832624971866607666e-01
1.780633926391601562e-01
1.713384985923767090e-01
1.637534648180007935e-01
1.578813046216964722e-01
1.538866013288497925e-01
1.508463919162750244e-01
1.474315375089645386e-01
1.440916210412979126e-01
1.417766958475112915e-01
1.404086053371429443e-01
1.393741667270660400e-01
1.380136162042617798e-01
1.360833793878555298e-01
1.312427073717117310e-01
1.240406781435012817e-01
1.205852404236793518e-01
1.174682006239891052e-01
1.151784509420394897e-01
1.125757992267608643e-01
1.103735640645027161e-01
1.079266518354415894e-01
1.053184792399406433e-01
1.026118174195289612e-01
9.840650111436843872e-02
9.351278096437454224e-02
8.979205042123794556e-02
8.673281967639923096e-02
8.379184454679489136e-02
7.927944511175155640e-02
7.461199164390563965e-02
7.116329669952392578e-02
6.917113810777664185e-02
6.686346977949142456e-02
6.453526765108108521e-02
6.202925369143486023e-02
6.021491438150405884e-02
5.883966013789176941e-02
5.727807804942131042e-02
5.485634878277778625e-02
5.142068862915039062e-02
4.759778082370758057e-02
4.300835728645324707e-02
3.784532845020294189e-02
3.398269414901733398e-02
3.101165778934955597e-02
2.916760928928852081e-02
2.684951387345790863e-02
2.426427043974399567e-02
1.993008702993392944e-02
1.674454845488071442e-02
1.394111383706331253e-02
9.688294492661952972e-03
5.842795595526695251e-03
3.213268006220459938e-03
-3.657841443782672286e-05
-3.008144441992044449e-03
-8.378700353205204010e-03
-1.303063053637742996e-02
-1.687274128198623657e-02
-2.180310897529125214e-02
-2.717633172869682312e-02
-3.075191564857959747e-02
-3.437491878867149353e-02
-3.735594451427459717e-02
-3.958928212523460388e-02
-4.116208851337432861e-02
-4.224783554673194885e-02
-4.320767149329185486e-02
-4.470243677496910095e-02
-4.717479646205902100e-02
-5.068202316761016846e-02
-5.427619814872741699e-02
-5.853772908449172974e-02
-6.263063848018646240e-02
-6.611061841249465942e-02
-6.805609911680221558e-02
-6.903243809938430786e-02
-6.949068605899810791e-02
-7.001279294490814209e-02
-7.063975185155868530e-02
-7.147590070962905884e-02
-7.299077510833740234e-02
-7.575955986976623535e-02
-8.049547672271728516e-02
-8.580989390611648560e-02
-9.045402705669403076e-02
-9.496634453535079956e-02
-9.894198179244995117e-02
-1.010518744587898254e-01
-1.021469905972480774e-01
-1.028573662042617798e-01
-1.032993569970130920e-01
-1.038156002759933472e-01
-1.042951941490173340e-01
-1.051003187894821167e-01
-1.059848815202713013e-01
-1.072806194424629211e-01
-1.087940111756324768e-01
-1.104887053370475769e-01
-1.124439239501953125e-01
-1.145729571580886841e-01
-1.168376654386520386e-01
-1.190697401762008667e-01
-1.204930990934371948e-01
-1.217165961861610413e-01
-1.229324489831924438e-01
-1.242180839180946350e-01
-1.253085732460021973e-01
-1.263777166604995728e-01
-1.278374046087265015e-01
-1.299089789390563965e-01
-1.324457079172134399e-01
-1.353047192096710205e-01
-1.384868770837783813e-01
-1.416327357292175293e-01
-1.456592530012130737e-01
-1.478640288114547729e-01
-1.500263065099716187e-01
-1.523347347974777222e-01
-1.545202136039733887e-01
-1.559000164270401001e-01
-1.571000963449478149e-01
-1.579507291316986084e-01
-1.589296162128448486e-01
-1.600466817617416382e-01
-1.612485051155090332e-01
-1.624341607093811035e-01
-1.639501154422760010e-01
-1.655344069004058838e-01
-1.680073887109756470e-01
-1.710869520902633667e-01
-1.740072220563888550e-01
-1.758236736059188843e-01
-1.773498058319091797e-01
-1.787927299737930298e-01
-1.800292879343032837e-01
-1.811121255159378052e-01
-1.820010393857955933e-01
-1.828886717557907104e-01
-1.836580783128738403e-01
-1.843543797731399536e-01
-1.851736903190612793e-01
-1.862064301967620850e-01
-1.872944682836532593e-01
-1.885682642459869385e-01
-1.898230016231536865e-01
-1.909352242946624756e-01
-1.917339116334915161e-01
-1.923083364963531494e-01
-1.929433047771453857e-01
-1.937756240367889404e-01
-1.948158890008926392e-01
-1.963609606027603149e-01
-1.982674896717071533e-01
-2.006521373987197876e-01
-2.027918100357055664e-01
-2.046300023794174194e-01
-2.059048861265182495e-01
-2.070045471191406250e-01
-2.080056369304656982e-01
-2.089197337627410889e-01
-2.100395709276199341e-01
-2.112461179494857788e-01
-2.120665460824966431e-01
-2.133498191833496094e-01
-2.145303040742874146e-01
-2.155566513538360596e-01
-2.163108587265014648e-01
-2.169176489114761353e-01
-2.175493687391281128e-01
-2.181539982557296753e-01
-2.185920029878616333e-01
-2.188946902751922607e-01
-2.192319631576538086e-01
-2.197390645742416382e-01
-2.203591316938400269e-01
-2.210284918546676636e-01
-2.217398136854171753e-01
-2.225040495395660400e-01
-2.232469618320465088e-01
-2.239447683095932007e-01
-2.247734516859054565e-01
-2.254919260740280151e-01
-2.264813631772994995e-01
-2.273806631565093994e-01
-2.288143336772918701e-01
-2.299216389656066895e-01
-2.315980195999145508e-01
-2.325097918510437012e-01
-2.337524294853210449e-01
-2.349505275487899780e-01
-2.357963621616363525e-01
-2.368722707033157349e-01
-2.380939275026321411e-01
-2.389937788248062134e-01
-2.395467460155487061e-01
-2.399188578128814697e-01
-2.406367361545562744e-01
-2.413925379514694214e-01
-2.423475235700607300e-01
-2.433857619762420654e-01
-2.449386417865753174e-01
-2.466235458850860596e-01
-2.479761093854904175e-01
-2.492192089557647705e-01
-2.511471509933471680e-01
-2.540110945701599121e-01
-2.564535737037658691e-01
-2.589061856269836426e-01
-2.610321938991546631e-01
-2.629099488258361816e-01
-2.640290856361389160e-01
-2.648239731788635254e-01
-2.654903233051300049e-01
-2.662365138530731201e-01
-2.670800089836120605e-01
-2.681429684162139893e-01
-2.692164778709411621e-01
-2.706240713596343994e-01
-2.726341187953948975e-01
-2.744722068309783936e-01
-2.765632271766662598e-01
-2.786601483821868896e-01
-2.806303501129150391e-01
-2.820741236209869385e-01
-2.834667861461639404e-01
-2.854260802268981934e-01
-2.874602079391479492e-01
-2.891306281089782715e-01
-2.906276583671569824e-01
-2.923790216445922852e-01
-2.937368154525756836e-01
-2.946798205375671387e-01
-2.955721616744995117e-01
-2.963150441646575928e-01
-2.972926199436187744e-01
-2.983548045158386230e-01
-2.995583415031433105e-01
-3.006662428379058838e-01
-3.017917275428771973e-01
-3.036977648735046387e-01
-3.057006597518920898e-01
-3.073463141918182373e-01
-3.090406358242034912e-01
-3.107302188873291016e-01
-3.122530579566955566e-01
-3.136274516582489014e-01
-3.148118853569030762e-01
-3.157349824905395508e-01
-3.164801597595214844e-01
-3.171267807483673096e-01
-3.180236816406250000e-01
-3.193965256214141846e-01
-3.211642205715179443e-01
-3.230015337467193604e-01
-3.246806859970092773e-01
-3.264659345149993896e-01
-3.279825448989868164e-01
-3.292165100574493408e-01
-3.301567733287811279e-01
-3.308528661727905273e-01
-3.315316438674926758e-01
-3.326528072357177734e-01
-3.344123959541320801e-01
-3.367382586002349854e-01
-3.392737805843353271e-01
-3.412881791591644287e-01
-3.434579670429229736e-01
-3.455170691013336182e-01
-3.465712964534759521e-01
-3.475523293018341064e-01
-3.485185205936431885e-01
-3.496753573417663574e-01
-3.505680561065673828e-01
-3.512134253978729248e-01
-3.520131409168243408e-01
-3.532050251960754395e-01
-3.549287319183349609e-01
-3.571449518203735352e-01
-3.597200214862823486e-01
-3.632509410381317139e-01
-3.646178543567657471e-01
-3.676932454109191895e-01
-3.689704537391662598e-01
-3.697508275508880615e-01
-3.702754676342010498e-01
-3.707430958747863770e-01
-3.714217841625213623e-01
-3.722247481346130371e-01
-3.727586269378662109e-01
-3.733540773391723633e-01
-3.740583658218383789e-01
-3.746709823608398438e-01
-3.751999735832214355e-01
-3.756739199161529541e-01
-3.760310411453247070e-01
-3.765114545822143555e-01
-3.772675096988677979e-01
-3.779994249343872070e-01
-3.786804378032684326e-01
-3.794052600860595703e-01
-3.806995451450347900e-01
-3.821878433227539062e-01
-3.830600380897521973e-01
-3.837721943855285645e-01
-3.846000432968139648e-01
-3.852192163467407227e-01
-3.858030438423156738e-01
-3.862835168838500977e-01
-3.867317438125610352e-01
-3.872954249382019043e-01
-3.879345059394836426e-01
-3.884647786617279053e-01
-3.891566395759582520e-01
-3.899548053741455078e-01
-3.908172547817230225e-01
-3.916124701499938965e-01
-3.923012912273406982e-01
-3.928112089633941650e-01
-3.932966887950897217e-01
-3.938069641590118408e-01
-3.944271802902221680e-01
-3.951240181922912598e-01
-3.958359956741333008e-01
-3.965125679969787598e-01
-3.971175849437713623e-01
-3.977314829826354980e-01
-3.983297646045684814e-01
-3.988619744777679443e-01
-3.992955386638641357e-01
-3.997431099414825439e-01
-4.001460969448089600e-01
-4.004807174205780029e-01
-4.007247388362884521e-01
-4.009728133678436279e-01
-4.013037979602813721e-01
-4.017746448516845703e-01
-4.024293720722198486e-01
-4.031081795692443848e-01
-4.038925766944885254e-01
-4.049217998981475830e-01
-4.063012897968292236e-01
-4.080916941165924072e-01
-4.101835787296295166e-01
-4.123247861862182617e-01
-4.145056903362274170e-01
-4.164721369743347168e-01
-4.186595380306243896e-01
-4.204895496368408203e-01
-4.220621585845947266e-01
-4.227408766746520996e-01
-4.236667156219482422e-01
-4.243848621845245361e-01
-4.248411655426025391e-01
-4.252518713474273682e-01
-4.257337450981140137e-01
-4.263495504856109619e-01
-4.269165098667144775e-01
-4.283349514007568359e-01
-4.297379851341247559e-01
-4.306157529354095459e-01
-4.311733841896057129e-01
-4.315543770790100098e-01
-4.321119785308837891e-01
-4.327173829078674316e-01
-4.331696033477783203e-01
-4.335686564445495605e-01
-4.339300692081451416e-01
-4.342243969440460205e-01
-4.345274567604064941e-01
-4.348844587802886963e-01
-4.353219568729400635e-01
-4.358803033828735352e-01
-4.366364777088165283e-01
-4.374234080314636230e-01
-4.383668899536132812e-01
-4.396346211433410645e-01
-4.409452378749847412e-01
-4.424025714397430420e-01
-4.438198804855346680e-01
-4.448033869266510010e-01
-4.457730352878570557e-01
-4.472983777523040771e-01
-4.489568769931793213e-01
-4.499650001525878906e-01
-4.504916071891784668e-01
-4.508923292160034180e-01
-4.511536955833435059e-01
-4.512992501258850098e-01
-4.514406919479370117e-01
-4.515749216079711914e-01
-4.516857564449310303e-01
-4.518070220947265625e-01
-4.519903957843780518e-01
-4.522237479686737061e-01
-4.525082111358642578e-01
-4.529229700565338135e-01
-4.536242187023162842e-01
-4.546565413475036621e-01
-4.559210538864135742e-01
-4.572198390960693359e-01
-4.586135745048522949e-01
-4.600478112697601318e-01
-4.610624909400939941e-01
-4.620510041713714600e-01
-4.628598988056182861e-01
-4.636229574680328369e-01
-4.643560647964477539e-01
-4.648642241954803467e-01
-4.654625356197357178e-01
-4.659348726272583008e-01
-4.663263261318206787e-01
-4.668266773223876953e-01
-4.674027562141418457e-01
-4.679421782493591309e-01
-4.687449336051940918e-01
-4.697149991989135742e-01
-4.706470072269439697e-01
-4.720343947410583496e-01
-4.735614061355590820e-01
-4.752034842967987061e-01
-4.766167700290679932e-01
-4.775753915309906006e-01
-4.782618582248687744e-01
-4.788525104522705078e-01
-4.796336591243743896e-01
-4.802380204200744629e-01
-4.807155728340148926e-01
-4.812902212142944336e-01
-4.820490777492523193e-01
-4.828873574733734131e-01
-4.837000966072082520e-01
-4.844136238098144531e-01
-4.850706756114959717e-01
-4.860411584377288818e-01
-4.871991872787475586e-01
-4.883185327053070068e-01
-4.897552132606506348e-01
-4.912968277931213379e-01
-4.924736320972442627e-01
-4.937102496623992920e-01
-4.946446418762207031e-01
-4.957053065299987793e-01
-4.968048036098480225e-01
-4.978286027908325195e-01
-4.986457526683807373e-01
-4.997938573360443115e-01
-5.008050799369812012e-01
-5.014738440513610840e-01
-5.019646883010864258e-01
-5.023543834686279297e-01
-5.026140809059143066e-01
-5.028725862503051758e-01
-5.031753778457641602e-01
-5.034224390983581543e-01
-5.036452412605285645e-01
-5.039134621620178223e-01
-5.042848587036132812e-01
-5.048019886016845703e-01
-5.054441690444946289e-01
-5.062143206596374512e-01
-5.070273876190185547e-01
-5.080817937850952148e-01
-5.092567801475524902e-01
-5.103433728218078613e-01
-5.112724304199218750e-01
-5.123389959335327148e-01
-5.132284760475158691e-01
-5.139556527137756348e-01
-5.144816637039184570e-01
-5.150265097618103027e-01
-5.155214667320251465e-01
-5.158921480178833008e-01
-5.162136554718017578e-01
-5.164909958839416504e-01
-5.167755484580993652e-01
-5.170777440071105957e-01
-5.174023509025573730e-01
-5.179898738861083984e-01
-5.188350677490234375e-01
-5.199198126792907715e-01
-5.208500623703002930e-01
-5.217430591583251953e-01
-5.224558711051940918e-01
-5.231231451034545898e-01
-5.242475271224975586e-01
-5.253481864929199219e-01
-5.263145565986633301e-01
-5.270919203758239746e-01
-5.276359915733337402e-01
-5.279716253280639648e-01
-5.281945466995239258e-01
-5.283852219581604004e-01
-5.285645127296447754e-01
-5.287734270095825195e-01
-5.290199518203735352e-01
-5.292634367942810059e-01
-5.295442938804626465e-01
-5.298588275909423828e-01
-5.301777720451354980e-01
-5.305364131927490234e-01
-5.309448838233947754e-01
-5.314515233039855957e-01
-5.320518612861633301e-01
-5.328159928321838379e-01
-5.339037775993347168e-01
-5.349999666213989258e-01
-5.357627272605895996e-01
-5.364696979522705078e-01
-5.367690324783325195e-01
-5.370640754699707031e-01
-5.373026132583618164e-01
-5.375342965126037598e-01
-5.377988219261169434e-01
-5.381063222885131836e-01
-5.384904742240905762e-01
-5.389244556427001953e-01
-5.396161675453186035e-01
-5.405897498130798340e-01
-5.415993332862854004e-01
-5.427711606025695801e-01
-5.436422228813171387e-01
-5.443349480628967285e-01
-5.453979969024658203e-01
-5.462670922279357910e-01
-5.473446846008300781e-01
-5.480827689170837402e-01
-5.489991903305053711e-01
-5.501023530960083008e-01
-5.510795116424560547e-01
-5.521386861801147461e-01
-5.529571175575256348e-01
-5.537955164909362793e-01
-5.543726086616516113e-01
-5.548248887062072754e-01
-5.554110407829284668e-01
-5.560123324394226074e-01
-5.565094351768493652e-01
-5.569822788238525391e-01
-5.575502514839172363e-01
-5.582367181777954102e-01
-5.589247345924377441e-01
-5.596686601638793945e-01
-5.606838464736938477e-01
-5.617328286170959473e-01
-5.625660419464111328e-01
-5.632506012916564941e-01
-5.638399124145507812e-01
-5.645558834075927734e-01
-5.652946233749389648e-01
-5.659011006355285645e-01
-5.664411187171936035e-01
-5.669084787368774414e-01
-5.672836303710937500e-01
-5.677499175071716309e-01
-5.682153105735778809e-01
-5.686354637145996094e-01
-5.691333413124084473e-01
-5.696843862533569336e-01
-5.702071785926818848e-01
-5.707092881202697754e-01
-5.711445212364196777e-01
-5.714833736419677734e-01
-5.717465281486511230e-01
-5.720760822296142578e-01
-5.725787281990051270e-01
-5.732806324958801270e-01
-5.740488767623901367e-01
-5.752243995666503906e-01
-5.769962072372436523e-01
-5.789915919303894043e-01
-5.804305076599121094e-01
-5.815519094467163086e-01
-5.825768113136291504e-01
-5.834115743637084961e-01
-5.842567086219787598e-01
-5.851059556007385254e-01
-5.857738256454467773e-01
-5.863870382308959961e-01
-5.868265032768249512e-01
-5.872525572776794434e-01
-5.875505805015563965e-01
-5.879329442977905273e-01
-5.882645249366760254e-01
-5.886039733886718750e-01
-5.890026092529296875e-01
-5.894045829772949219e-01
-5.899203419685363770e-01
-5.904471278190612793e-01
-5.908804535865783691e-01
-5.911799669265747070e-01
-5.915074348449707031e-01
-5.918251872062683105e-01
-5.920242667198181152e-01
-5.921671986579895020e-01
-5.923731923103332520e-01
-5.927163958549499512e-01
-5.930110812187194824e-01
-5.934894680976867676e-01
-5.941002964973449707e-01
-5.945695638656616211e-01
-5.948646068572998047e-01
-5.950918197631835938e-01
-5.952762365341186523e-01
-5.954315066337585449e-01
-5.956226587295532227e-01
-5.958899259567260742e-01
-5.962159633636474609e-01
-5.966649651527404785e-01
-5.972437858581542969e-01
-5.979899764060974121e-01
-5.988482236862182617e-01
-5.996084809303283691e-01
-6.002452373504638672e-01
-6.007397174835205078e-01
-6.012240648269653320e-01
-6.016527414321899414e-01
-6.020991206169128418e-01
-6.025137901306152344e-01
-6.030071973800659180e-01
-6.035337448120117188e-01
-6.041876673698425293e-01
-6.048513054847717285e-01
-6.056152582168579102e-01
-6.064162850379943848e-01
-6.073195338249206543e-01
-6.083106994628906250e-01
-6.089298129081726074e-01
-6.093013882637023926e-01
-6.096133589744567871e-01
-6.098085045814514160e-01
-6.099538207054138184e-01
-6.101064085960388184e-01
-6.102288961410522461e-01
-6.103305816650390625e-01
-6.104284524917602539e-01
-6.105339527130126953e-01
-6.106497049331665039e-01
-6.107991337776184082e-01
-6.109917759895324707e-01
-6.112447977066040039e-01
-6.115827560424804688e-01
-6.119920611381530762e-01
-6.123982667922973633e-01
-6.129551529884338379e-01
-6.136865615844726562e-01
-6.143570542335510254e-01
-6.151754856109619141e-01
-6.160833239555358887e-01
-6.167413592338562012e-01
-6.173712015151977539e-01
-6.179924011230468750e-01
-6.185193061828613281e-01
-6.189322471618652344e-01
-6.192698478698730469e-01
-6.195879578590393066e-01
-6.198383569717407227e-01
-6.199587583541870117e-01
-6.200689673423767090e-01
-6.201603412628173828e-01
-6.202337741851806641e-01
-6.202993392944335938e-01
-6.203745007514953613e-01
-6.205404400825500488e-01
-6.208416819572448730e-01
-6.211854815483093262e-01
-6.215037703514099121e-01
-6.219382286071777344e-01
-6.225406527519226074e-01
-6.230603456497192383e-01
-6.237087845802307129e-01
-6.242057085037231445e-01
-6.246214509010314941e-01
-6.249421238899230957e-01
-6.251785159111022949e-01
-6.255217194557189941e-01
-6.258929967880249023e-01
-6.262658238410949707e-01
-6.267646551132202148e-01
-6.274570822715759277e-01
-6.281676888465881348e-01
-6.287255287170410156e-01
-6.290854215621948242e-01
-6.293718218803405762e-01
-6.296354532241821289e-01
-6.298372745513916016e-01
-6.299592852592468262e-01
-6.300854682922363281e-01
-6.302421092987060547e-01
-6.303985714912414551e-01
-6.305280327796936035e-01
-6.306885480880737305e-01
-6.308773756027221680e-01
-6.310848593711853027e-01
-6.313031911849975586e-01
-6.315779685974121094e-01
-6.319665312767028809e-01
-6.324716210365295410e-01
-6.330926418304443359e-01
-6.338508725166320801e-01
-6.347323656082153320e-01
-6.360380649566650391e-01
-6.378229260444641113e-01
-6.392845511436462402e-01
-6.402555704116821289e-01
-6.409689188003540039e-01
-6.415140628814697266e-01
-6.420047283172607422e-01
-6.423807144165039062e-01
-6.427034735679626465e-01
-6.430013179779052734e-01
-6.432553529739379883e-01
-6.434674859046936035e-01
-6.437212228775024414e-01
-6.439768671989440918e-01
-6.442738771438598633e-01
-6.446414589881896973e-01
-6.449300050735473633e-01
-6.452233791351318359e-01
-6.455100774765014648e-01
-6.458166837692260742e-01
-6.461154818534851074e-01
-6.464765071868896484e-01
-6.468948125839233398e-01
-6.474729180335998535e-01
-6.482640504837036133e-01
-6.494482159614562988e-01
-6.510641574859619141e-01
-6.527776718139648438e-01
-6.545118093490600586e-01
-6.558916568756103516e-01
-6.574514508247375488e-01
-6.587927937507629395e-01
-6.597482562065124512e-01
-6.608292460441589355e-01
-6.622166037559509277e-01
-6.634379029273986816e-01
-6.640297770500183105e-01
-6.646189689636230469e-01
-6.650888323783874512e-01
-6.654673218727111816e-01
-6.658629775047302246e-01
-6.661728024482727051e-01
-6.664332747459411621e-01
-6.666736006736755371e-01
-6.668851971626281738e-01
-6.671021580696105957e-01
-6.673504710197448730e-01
-6.676332354545593262e-01
-6.678251624107360840e-01
-6.681392788887023926e-01
-6.684195995330810547e-01
-6.686385869979858398e-01
-6.688722968101501465e-01
-6.691212058067321777e-01
-6.694054007530212402e-01
-6.697388887405395508e-01
-6.701419353485107422e-01
-6.705524325370788574e-01
-6.709362268447875977e-01
-6.712846755981445312e-01
-6.715962886810302734e-01
-6.719068288803100586e-01
-6.721416115760803223e-01
-6.723436117172241211e-01
-6.725708842277526855e-01
-6.728392243385314941e-01
-6.731182932853698730e-01
-6.733893156051635742e-01
-6.736737489700317383e-01
-6.739295125007629395e-01
-6.742613315582275391e-01
-6.746938824653625488e-01
-6.751452088356018066e-01
-6.755797863006591797e-01
-6.760034561157226562e-01
-6.763014793395996094e-01
-6.765933036804199219e-01
-6.768778562545776367e-01
-6.771115660667419434e-01
-6.772960424423217773e-01
-6.774591803550720215e-01
-6.776198148727416992e-01
-6.777756214141845703e-01
-6.779124140739440918e-01
-6.780421733856201172e-01
-6.781917810440063477e-01
-6.784085631370544434e-01
-6.787327527999877930e-01
-6.790996789932250977e-01
-6.795445680618286133e-01
-6.799324750900268555e-01
-6.804109215736389160e-01
-6.807604432106018066e-01
-6.810637712478637695e-01
-6.813585758209228516e-01
-6.815947890281677246e-01
-6.820161342620849609e-01
-6.824609041213989258e-01
-6.828794479370117188e-01
-6.832802295684814453e-01
-6.837019920349121094e-01
-6.840927004814147949e-01
-6.844700574874877930e-01
-6.848388314247131348e-01
-6.851825118064880371e-01
-6.855273842811584473e-01
-6.858959794044494629e-01
-6.862552165985107422e-01
-6.865582466125488281e-01
-6.867874860763549805e-01
-6.870318055152893066e-01
-6.872979998588562012e-01
-6.875748634338378906e-01
-6.878914237022399902e-01
-6.881871819496154785e-01
-6.884180903434753418e-01
-6.886147260665893555e-01
-6.888155341148376465e-01
-6.890103816986083984e-01
-6.892269253730773926e-01
-6.894715428352355957e-01
-6.897578835487365723e-01
-6.900288462638854980e-01
-6.902117729187011719e-01
-6.903784871101379395e-01
-6.905156970024108887e-01
-6.906264424324035645e-01
-6.907329559326171875e-01
-6.908647418022155762e-01
-6.910133957862854004e-01
-6.912122964859008789e-01
-6.914111375808715820e-01
-6.917582750320434570e-01
-6.920665502548217773e-01
-6.923051476478576660e-01
-6.925581693649291992e-01
-6.928002238273620605e-01
-6.929984092712402344e-01
-6.931464076042175293e-01
-6.932982802391052246e-01
-6.934230923652648926e-01
-6.935084462165832520e-01
-6.935765743255615234e-01
-6.936707496643066406e-01
-6.937894225120544434e-01
-6.939415931701660156e-01
-6.941624283790588379e-01
-6.944534182548522949e-01
-6.948392391204833984e-01
-6.953134536743164062e-01
-6.959125995635986328e-01
-6.965459585189819336e-01
-6.973635554313659668e-01
-6.981289386749267578e-01
-6.992000937461853027e-01
-6.998469829559326172e-01
-7.006120085716247559e-01
-7.012147903442382812e-01
-7.016392946243286133e-01
-7.021035552024841309e-01
-7.027947306632995605e-01
-7.034248113632202148e-01
-7.038740515708923340e-01
-7.041772603988647461e-01
-7.044784426689147949e-01
-7.047440409660339355e-01
-7.049891352653503418e-01
-7.052283883094787598e-01
-7.054750919342041016e-01
-7.057294249534606934e-01
-7.059153318405151367e-01
-7.060859799385070801e-01
-7.063352465629577637e-01
-7.066184282302856445e-01
-7.068662643432617188e-01
-7.071778774261474609e-01
-7.076141238212585449e-01
-7.080218195915222168e-01
-7.083756923675537109e-01
-7.086722850799560547e-01
-7.089515328407287598e-01
-7.092404961585998535e-01
-7.095302343368530273e-01
-7.098543643951416016e-01
-7.101771235466003418e-01
-7.104884386062622070e-01
-7.108099460601806641e-01
-7.112281918525695801e-01
-7.116568088531494141e-01
-7.122249007225036621e-01
-7.129012942314147949e-01
-7.136946916580200195e-01
-7.142772674560546875e-01
-7.147055864334106445e-01
-7.150108218193054199e-01
-7.152401208877563477e-01
-7.154086828231811523e-01
-7.155287861824035645e-01
-7.156500816345214844e-01
-7.157999873161315918e-01
-7.159534692764282227e-01
-7.160896062850952148e-01
-7.162618041038513184e-01
-7.164845466613769531e-01
-7.166742086410522461e-01
-7.168688178062438965e-01
-7.171050310134887695e-01
-7.173310518264770508e-01
-7.175355553627014160e-01
-7.177764177322387695e-01
-7.180923819541931152e-01
-7.184422016143798828e-01
-7.187777757644653320e-01
-7.192292809486389160e-01
-7.197105288505554199e-01
-7.201505303382873535e-01
-7.205292582511901855e-01
-7.209143638610839844e-01
-7.212784290313720703e-01
-7.217021584510803223e-01
-7.222365736961364746e-01
-7.228679656982421875e-01
-7.235994935035705566e-01
-7.240952253341674805e-01
-7.245399355888366699e-01
-7.248027920722961426e-01
-7.250040769577026367e-01
-7.252511382102966309e-01
-7.254535555839538574e-01
-7.256058454513549805e-01
-7.257463932037353516e-01
-7.259187102317810059e-01
-7.261045575141906738e-01
-7.262633442878723145e-01
-7.264121770858764648e-01
-7.266220450401306152e-01
-7.269701361656188965e-01
-7.272188663482666016e-01
-7.277402877807617188e-01
-7.281075716018676758e-01
-7.283381223678588867e-01
-7.285119295120239258e-01
-7.286661267280578613e-01
-7.287794947624206543e-01
-7.288871407508850098e-01
-7.290362119674682617e-01
-7.292192578315734863e-01
-7.294670939445495605e-01
-7.296270728111267090e-01
-7.302073240280151367e-01
-7.307341098785400391e-01
-7.312876582145690918e-01
-7.317393422126770020e-01
-7.321521043777465820e-01
-7.325311303138732910e-01
-7.329021692276000977e-01
-7.333126664161682129e-01
-7.336893081665039062e-01
-7.339596748352050781e-01
-7.343888878822326660e-01
-7.350849509239196777e-01
-7.358453273773193359e-01
-7.365698814392089844e-01
-7.371885180473327637e-01
-7.377604842185974121e-01
-7.381544113159179688e-01
-7.385463714599609375e-01
-7.388656735420227051e-01
-7.391889095306396484e-01
-7.395837306976318359e-01
-7.399828433990478516e-01
-7.403448224067687988e-01
-7.406480312347412109e-01
-7.408567667007446289e-01
-7.410561442375183105e-01
-7.413237094879150391e-01
-7.416233420372009277e-01
-7.418816685676574707e-01
-7.421110272407531738e-01
-7.423492074012756348e-01
-7.425714731216430664e-01
-7.428218722343444824e-01
-7.430421710014343262e-01
-7.433461546897888184e-01
-7.436817884445190430e-01
-7.440226674079895020e-01
-7.443479299545288086e-01
-7.445653080940246582e-01
-7.447462081909179688e-01
-7.449162602424621582e-01
-7.450527548789978027e-01
-7.451831102371215820e-01
-7.453262805938720703e-01
-7.454877495765686035e-01
-7.456027865409851074e-01
-7.457117438316345215e-01
-7.458294630050659180e-01
-7.459305524826049805e-01
-7.460296154022216797e-01
-7.461459040641784668e-01
-7.462920546531677246e-01
-7.464746832847595215e-01
-7.466911673545837402e-01
-7.470042109489440918e-01
-7.473657131195068359e-01
-7.476661205291748047e-01
-7.479078769683837891e-01
-7.481153011322021484e-01
-7.483026385307312012e-01
-7.484822273254394531e-01
-7.486411333084106445e-01
-7.488207221031188965e-01
-7.490392327308654785e-01
-7.492173314094543457e-01
-7.494572997093200684e-01
-7.497459053993225098e-01
-7.500035166740417480e-01
-7.502633333206176758e-01
-7.505259513854980469e-01
-7.507844567298889160e-01
-7.510080337524414062e-01
-7.511730194091796875e-01
-7.513837218284606934e-01
-7.515894174575805664e-01
-7.518252134323120117e-01
-7.521001100540161133e-01
-7.523928880691528320e-01
-7.526459097862243652e-01
-7.529035210609436035e-01
-7.531888484954833984e-01
-7.534637451171875000e-01
-7.536919713020324707e-01
-7.538715004920959473e-01
-7.540315389633178711e-01
-7.541331648826599121e-01
-7.542186379432678223e-01
-7.543413043022155762e-01
-7.545219063758850098e-01
-7.547568678855895996e-01
-7.549905180931091309e-01
-7.552090883255004883e-01
-7.553818225860595703e-01
-7.555419802665710449e-01
-7.556691765785217285e-01
-7.557741403579711914e-01
-7.558751702308654785e-01
-7.560021281242370605e-01
-7.561652064323425293e-01
-7.563285231590270996e-01
-7.564812898635864258e-01
-7.566055059432983398e-01
-7.567389607429504395e-01
-7.568909525871276855e-01
-7.570193409919738770e-01
-7.571486234664916992e-01
-7.572835087776184082e-01
-7.574006319046020508e-01
-7.574968934059143066e-01
-7.575982809066772461e-01
-7.577180266380310059e-01
-7.578356266021728516e-01
-7.579476833343505859e-01
-7.580721378326416016e-01
-7.582142949104309082e-01
-7.583932876586914062e-01
-7.585950493812561035e-01
-7.588253617286682129e-01
-7.590724825859069824e-01
-7.593056559562683105e-01
-7.594896554946899414e-01
-7.596811652183532715e-01
-7.599016427993774414e-01
-7.600981593132019043e-01
-7.602472901344299316e-01
-7.603582739830017090e-01
-7.604425549507141113e-01
-7.605317234992980957e-01
-7.606289386749267578e-01
-7.607340216636657715e-01
-7.608527541160583496e-01
-7.610001564025878906e-01
-7.611212730407714844e-01
-7.613147497177124023e-01
-7.615089416503906250e-01
-7.616736888885498047e-01
-7.618696689605712891e-01
-7.620728015899658203e-01
-7.622708082199096680e-01
-7.624716162681579590e-01
-7.626319527626037598e-01
-7.628073692321777344e-01
-7.629685401916503906e-01
-7.631148099899291992e-01
-7.632430195808410645e-01
-7.633793950080871582e-01
-7.635059356689453125e-01
-7.636580467224121094e-01
-7.638874650001525879e-01
-7.641621232032775879e-01
-7.644126415252685547e-01
-7.647957801818847656e-01
-7.651750445365905762e-01
-7.654955983161926270e-01
-7.657706141471862793e-01
-7.660315036773681641e-01
-7.664268612861633301e-01
-7.668874263763427734e-01
-7.674291729927062988e-01
-7.678495645523071289e-01
-7.681851387023925781e-01
-7.684522271156311035e-01
-7.687223553657531738e-01
-7.689815163612365723e-01
-7.692761421203613281e-01
-7.695134878158569336e-01
-7.697784304618835449e-01
-7.700280547142028809e-01
-7.701951861381530762e-01
-7.703711986541748047e-01
-7.706153392791748047e-01
-7.708562016487121582e-01
-7.710354328155517578e-01
-7.711868882179260254e-01
-7.713679671287536621e-01
-7.715268731117248535e-01
-7.716862559318542480e-01
-7.718096375465393066e-01
-7.720277309417724609e-01
-7.722944021224975586e-01
-7.725349664688110352e-01
-7.727583050727844238e-01
-7.729375362396240234e-01
-7.732060551643371582e-01
-7.734234929084777832e-01
-7.735858559608459473e-01
-7.737280130386352539e-01
-7.739039063453674316e-01
-7.740453481674194336e-01
-7.741658091545104980e-01
-7.743146419525146484e-01
-7.744901776313781738e-01
-7.746839523315429688e-01
-7.749130725860595703e-01
-7.751837968826293945e-01
-7.755030989646911621e-01
-7.758671641349792480e-01
-7.762418389320373535e-01
-7.765877842903137207e-01
-7.768667936325073242e-01
-7.771302461624145508e-01
-7.774937152862548828e-01
-7.778710722923278809e-01
-7.781230807304382324e-01
-7.784094214439392090e-01
-7.786962985992431641e-01
-7.789720892906188965e-01
-7.792716026306152344e-01
-7.795543074607849121e-01
-7.797996401786804199e-01
-7.800318002700805664e-01
-7.801833152770996094e-01
-7.804457545280456543e-01
-7.806509733200073242e-01
-7.809522747993469238e-01
-7.813332676887512207e-01
-7.816857099533081055e-01
-7.819870114326477051e-01
-7.823855280876159668e-01
-7.828019857406616211e-01
-7.831311225891113281e-01
-7.834613919258117676e-01
-7.837966680526733398e-01
-7.840574383735656738e-01
-7.842305898666381836e-01
-7.843905687332153320e-01
-7.845379710197448730e-01
-7.846666574478149414e-01
-7.848773598670959473e-01
-7.850729823112487793e-01
-7.852268815040588379e-01
-7.853576540946960449e-01
-7.855131030082702637e-01
-7.856829762458801270e-01
-7.858415246009826660e-01
-7.860162258148193359e-01
-7.862724661827087402e-01
-7.866061329841613770e-01
-7.868430018424987793e-01
-7.872827053070068359e-01
-7.877976298332214355e-01
-7.880780100822448730e-01
-7.884872555732727051e-01
-7.887403964996337891e-01
-7.889719605445861816e-01
-7.891304492950439453e-01
-7.892950773239135742e-01
-7.894921898841857910e-01
-7.897185683250427246e-01
-7.900012731552124023e-01
-7.902936935424804688e-01
-7.905310988426208496e-01
-7.907049655914306641e-01
-7.909072637557983398e-01
-7.910827994346618652e-01
-7.912243008613586426e-01
-7.914083003997802734e-01
-7.916088700294494629e-01
-7.917777299880981445e-01
-7.919196486473083496e-01
-7.920828461647033691e-01
-7.922247052192687988e-01
-7.923899888992309570e-01
-7.925325036048889160e-01
-7.926831841468811035e-01
-7.928625941276550293e-01
-7.931063771247863770e-01
-7.933217883110046387e-01
-7.934762835502624512e-01
-7.936159372329711914e-01
-7.937424778938293457e-01
-7.938864827156066895e-01
-7.940226793289184570e-01
-7.941629290580749512e-01
-7.943161129951477051e-01
-7.945007085800170898e-01
-7.946728467941284180e-01
-7.948079109191894531e-01
-7.949209213256835938e-01
-7.950187325477600098e-01
-7.951124310493469238e-01
-7.952391505241394043e-01
-7.953991889953613281e-01
-7.955942153930664062e-01
-7.958210706710815430e-01
-7.960926890373229980e-01
-7.964484691619873047e-01
-7.968735694885253906e-01
-7.974019646644592285e-01
-7.980034351348876953e-01
-7.988227605819702148e-01
-7.995056509971618652e-01
-7.999995350837707520e-01
-8.004460930824279785e-01
-8.008091449737548828e-01
-8.011409044265747070e-01
-8.014297485351562500e-01
-8.017742037773132324e-01
-8.021608591079711914e-01
-8.026112914085388184e-01
-8.030482530593872070e-01
-8.034890890121459961e-01
-8.039103746414184570e-01
-8.042711615562438965e-01
-8.047276139259338379e-01
-8.051511645317077637e-01
-8.054897785186767578e-01
-8.056880235671997070e-01
-8.059110641479492188e-01
-8.060694336891174316e-01
-8.062093257904052734e-01
-8.063840270042419434e-01
-8.065969347953796387e-01
-8.067983388900756836e-01
-8.069297671318054199e-01
-8.070328235626220703e-01
-8.071123957633972168e-01
-8.071838617324829102e-01
-8.072718977928161621e-01
-8.073618412017822266e-01
-8.074648976325988770e-01
-8.076041936874389648e-01
-8.077450394630432129e-01
-8.078996539115905762e-01
-8.080575466156005859e-01
-8.082140088081359863e-01
-8.083639144897460938e-01
-8.085249066352844238e-01
-8.086929321289062500e-01
-8.088078498840332031e-01
-8.089525699615478516e-01
-8.090834617614746094e-01
-8.091887235641479492e-01
-8.093283772468566895e-01
-8.094934225082397461e-01
-8.096549510955810547e-01
-8.097879886627197266e-01
-8.099387884140014648e-01
-8.099889159202575684e-01
-8.101763129234313965e-01
-8.103481531143188477e-01
-8.105008006095886230e-01
-8.106694221496582031e-01
-8.108869791030883789e-01
-8.111417293548583984e-01
-8.113474249839782715e-01
-8.115999698638916016e-01
-8.119235634803771973e-01
-8.122224807739257812e-01
-8.124669790267944336e-01
-8.126457929611206055e-01
-8.128456473350524902e-01
-8.129636645317077637e-01
-8.131097555160522461e-01
-8.132351636886596680e-01
-8.133496046066284180e-01
-8.134610056877136230e-01
-8.135619759559631348e-01
-8.136864304542541504e-01
-8.137828707695007324e-01
-8.138793110847473145e-01
-8.140078783035278320e-01
-8.141634464263916016e-01
-8.142979741096496582e-01
-8.144046664237976074e-01
-8.145452141761779785e-01
-8.147145509719848633e-01
-8.149358630180358887e-01
-8.152109384536743164e-01
-8.155778646469116211e-01
-8.159993886947631836e-01
-8.163312673568725586e-01
-8.166998624801635742e-01
-8.169183731079101562e-01
-8.173173666000366211e-01
-8.178243637084960938e-01
-8.183190226554870605e-01
-8.187538385391235352e-01
-8.190600275993347168e-01
-8.195264339447021484e-01
-8.200309872627258301e-01
-8.205921649932861328e-01
-8.212077617645263672e-01
-8.219916820526123047e-01
-8.229019045829772949e-01
-8.239946365356445312e-01
-8.244172334671020508e-01
-8.253296017646789551e-01
-8.258761167526245117e-01
-8.262529373168945312e-01
-8.265165090560913086e-01
-8.267869949340820312e-01
-8.270354866981506348e-01
-8.272795081138610840e-01
-8.274947404861450195e-01
-8.276756405830383301e-01
-8.279136419296264648e-01
-8.282249569892883301e-01
-8.285961151123046875e-01
-8.289681673049926758e-01
-8.292826414108276367e-01
-8.295783996582031250e-01
-8.298829197883605957e-01
-8.302364349365234375e-01
-8.306546211242675781e-01
-8.310733437538146973e-01
-8.315374255180358887e-01
-8.322579860687255859e-01
-8.330211043357849121e-01
-8.336452841758728027e-01
-8.341702818870544434e-01
-8.345981240272521973e-01
-8.350631594657897949e-01
-8.354899287223815918e-01
-8.358725309371948242e-01
-8.361846804618835449e-01
-8.364716172218322754e-01
-8.368149995803833008e-01
-8.371567130088806152e-01
-8.374516367912292480e-01
-8.377271890640258789e-01
-8.380218148231506348e-01
-8.383858799934387207e-01
-8.388524055480957031e-01
-8.394560217857360840e-01
-8.400934338569641113e-01
-8.406841158866882324e-01
-8.412963151931762695e-01
-8.420176506042480469e-01
-8.425899147987365723e-01
-8.432072997093200684e-01
-8.439327478408813477e-01
-8.446542024612426758e-01
-8.454583287239074707e-01
-8.463276028633117676e-01
-8.469729423522949219e-01
-8.474225997924804688e-01
-8.477885127067565918e-01
-8.481248021125793457e-01
-8.486333489418029785e-01
-8.491462469100952148e-01
-8.495876193046569824e-01
-8.499996662139892578e-01
-8.503849506378173828e-01
-8.506999015808105469e-01
-8.510246276855468750e-01
-8.513115644454956055e-01
-8.516451716423034668e-01
-8.520113229751586914e-01
-8.523158431053161621e-01
-8.525453209877014160e-01
-8.527944087982177734e-01
-8.529695272445678711e-01
-8.531059026718139648e-01
-8.532265424728393555e-01
-8.533655405044555664e-01
-8.535186648368835449e-01
-8.536770939826965332e-01
-8.538463711738586426e-01
-8.539906144142150879e-01
-8.541948795318603516e-01
-8.544036149978637695e-01
-8.546046614646911621e-01
-8.548055887222290039e-01
-8.550639748573303223e-01
-8.553743958473205566e-01
-8.557274341583251953e-01
-8.561197519302368164e-01
-8.564604520797729492e-01
-8.566853404045104980e-01
-8.568418622016906738e-01
-8.569577336311340332e-01
-8.570521473884582520e-01
-8.571350574493408203e-01
-8.572208881378173828e-01
-8.573133945465087891e-01
-8.574150204658508301e-01
-8.575460910797119141e-01
-8.577182888984680176e-01
-8.579134941101074219e-01
-8.581752777099609375e-01
-8.584646582603454590e-01
-8.587708473205566406e-01
-8.590804338455200195e-01
-8.593696951866149902e-01
-8.596399426460266113e-01
-8.598895072937011719e-01
-8.601104021072387695e-01
-8.603311777114868164e-01
-8.605521917343139648e-01
-8.607968688011169434e-01
-8.610278964042663574e-01
-8.612219095230102539e-01
-8.613752722740173340e-01
-8.615502119064331055e-01
-8.617894053459167480e-01
-8.620775341987609863e-01
-8.624361157417297363e-01
-8.627714514732360840e-01
-8.632000684738159180e-01
-8.636552691459655762e-01
-8.641356825828552246e-01
-8.645704388618469238e-01
-8.649241924285888672e-01
-8.652952909469604492e-01
-8.656269907951354980e-01
-8.660717010498046875e-01
-8.665396571159362793e-01
-8.670113682746887207e-01
-8.674305677413940430e-01
-8.678524494171142578e-01
-8.682050108909606934e-01
-8.685548901557922363e-01
-8.688673973083496094e-01
-8.690897822380065918e-01
-8.693370819091796875e-01
-8.695656061172485352e-01
-8.697824478149414062e-01
-8.699774742126464844e-01
-8.700857758522033691e-01
-8.702149391174316406e-01
-8.703325986862182617e-01
-8.704491853713989258e-01
-8.705260753631591797e-01
-8.706717491149902344e-01
-8.709158301353454590e-01
-8.712514042854309082e-01
-8.715882897377014160e-01
-8.718775510787963867e-01
-8.721254467964172363e-01
-8.723967075347900391e-01
-8.726911544799804688e-01
-8.729524612426757812e-01
-8.732656240463256836e-01
-8.735589981079101562e-01
-8.738101124763488770e-01
-8.741692900657653809e-01
-8.744443058967590332e-01
-8.746673464775085449e-01
-8.750531077384948730e-01
-8.754627108573913574e-01
-8.758857250213623047e-01
-8.761934638023376465e-01
-8.764845132827758789e-01
-8.767306208610534668e-01
-8.769811987876892090e-01
-8.772575855255126953e-01
-8.776527047157287598e-01
-8.780986666679382324e-01
-8.784738779067993164e-01
-8.788033127784729004e-01
-8.791047930717468262e-01
-8.793868422508239746e-01
-8.796868920326232910e-01
-8.800280094146728516e-01
-8.804296255111694336e-01
-8.807871937751770020e-01
-8.812389969825744629e-01
-8.817641735076904297e-01
-8.822763562202453613e-01
-8.827608227729797363e-01
-8.831508755683898926e-01
-8.834161758422851562e-01
-8.836093544960021973e-01
-8.837826251983642578e-01
-8.841424584388732910e-01
-8.845682144165039062e-01
-8.850142955780029297e-01
-8.855431675910949707e-01
-8.860413432121276855e-01
-8.863630294799804688e-01
-8.866304159164428711e-01
-8.868818283081054688e-01
-8.871887326240539551e-01
-8.874716162681579590e-01
-8.876832127571105957e-01
-8.879354596138000488e-01
-8.881911635398864746e-01
-8.883962631225585938e-01
-8.885805010795593262e-01
-8.888256549835205078e-01
-8.890780210494995117e-01
-8.893498182296752930e-01
-8.896666765213012695e-01
-8.899605870246887207e-01
-8.902462720870971680e-01
-8.906463980674743652e-01
-8.911744952201843262e-01
-8.917739987373352051e-01
-8.924197554588317871e-01
-8.929375410079956055e-01
-8.934625983238220215e-01
-8.937596678733825684e-01
-8.941394686698913574e-01
-8.944056034088134766e-01
-8.947350978851318359e-01
-8.950449824333190918e-01
-8.953490853309631348e-01
-8.956806063652038574e-01
-8.960247039794921875e-01
-8.963984847068786621e-01
-8.967146277427673340e-01
-8.970497846603393555e-01
-8.973892331123352051e-01
-8.978760242462158203e-01
-8.982158899307250977e-01
-8.986365199089050293e-01
-8.989858627319335938e-01
-8.992351889610290527e-01
-8.994730710983276367e-01
-8.996402621269226074e-01
-8.997973203659057617e-01
-9.000837802886962891e-01
-9.004983305931091309e-01
-9.009805321693420410e-01
-9.014785885810852051e-01
-9.019369482994079590e-01
-9.023358225822448730e-01
-9.026572108268737793e-01
-9.028893709182739258e-01
-9.031409025192260742e-01
-9.034228920936584473e-01
-9.036694765090942383e-01
-9.039080142974853516e-01
-9.041604995727539062e-01
-9.044286608695983887e-01
-9.047262668609619141e-01
-9.050112962722778320e-01
-9.052707552909851074e-01
-9.055541753768920898e-01
-9.059018492698669434e-01
-9.062824249267578125e-01
-9.065964818000793457e-01
-9.070918560028076172e-01
-9.076026082038879395e-01
-9.081181287765502930e-01
-9.086067676544189453e-01
-9.090703129768371582e-01
-9.095138311386108398e-01
-9.098840355873107910e-01
-9.103427529335021973e-01
-9.108083844184875488e-01
-9.112394452095031738e-01
-9.116502404212951660e-01
-9.120612740516662598e-01
-9.124745130538940430e-01
-9.129009842872619629e-01
-9.134541749954223633e-01
-9.141528010368347168e-01
-9.150346517562866211e-01
-9.160407185554504395e-01
-9.170662760734558105e-01
-9.180299639701843262e-01
-9.190466403961181641e-01
-9.200795292854309082e-01
-9.209589958190917969e-01
-9.216063022613525391e-01
-9.220147132873535156e-01
-9.224999547004699707e-01
-9.229457974433898926e-01
-9.233235120773315430e-01
-9.236900806427001953e-01
-9.241732954978942871e-01
-9.245575666427612305e-01
-9.248166680335998535e-01
-9.250082969665527344e-01
-9.252496361732482910e-01
-9.255630373954772949e-01
-9.258232712745666504e-01
-9.260107278823852539e-01
-9.263980388641357422e-01
-9.266735911369323730e-01
-9.268721938133239746e-01
-9.270712137222290039e-01
-9.273061752319335938e-01
-9.275604486465454102e-01
-9.277973175048828125e-01
-9.280353188514709473e-01
-9.282828569412231445e-01
-9.285444021224975586e-01
-9.287284016609191895e-01
-9.289243221282958984e-01
-9.291726350784301758e-01
-9.294920563697814941e-01
-9.298532009124755859e-01
-9.302212595939636230e-01
-9.305747151374816895e-01
-9.308415055274963379e-01
-9.310848712921142578e-01
-9.312940239906311035e-01
-9.314918518066406250e-01
-9.316732883453369141e-01
-9.318434596061706543e-01
-9.320630431175231934e-01
-9.323258399963378906e-01
-9.326176643371582031e-01
-9.328655004501342773e-01
-9.330486655235290527e-01
-9.333620071411132812e-01
-9.336329102516174316e-01
-9.338827729225158691e-01
-9.341422915458679199e-01
-9.344348311424255371e-01
-9.348657131195068359e-01
-9.353940486907958984e-01
-9.359108209609985352e-01
-9.362792968750000000e-01
-9.365328550338745117e-01
-9.368160367012023926e-01
-9.370545744895935059e-01
-9.373007416725158691e-01
-9.375630617141723633e-01
-9.378443956375122070e-01
-9.381712675094604492e-01
-9.385507106781005859e-01
-9.389782547950744629e-01
-9.394087791442871094e-01
-9.398169517517089844e-01
-9.402526021003723145e-01
-9.408855438232421875e-01
-9.414815902709960938e-01
-9.419099092483520508e-01
-9.422794580459594727e-01
-9.427149891853332520e-01
-9.431296586990356445e-01
-9.435361623764038086e-01
-9.438524842262268066e-01
-9.441507458686828613e-01
-9.444280862808227539e-01
-9.446743726730346680e-01
-9.448744058609008789e-01
-9.450687766075134277e-01
-9.452556371688842773e-01
-9.454434514045715332e-01
-9.456006884574890137e-01
-9.457778334617614746e-01
-9.459841847419738770e-01
-9.462650418281555176e-01
-9.465696811676025391e-01
-9.470741152763366699e-01
-9.477181434631347656e-01
-9.482431411743164062e-01
-9.487175941467285156e-01
-9.491576552391052246e-01
-9.495013356208801270e-01
-9.497696757316589355e-01
-9.500230550765991211e-01
-9.502502083778381348e-01
-9.504303336143493652e-01
-9.505534172058105469e-01
-9.506438970565795898e-01
-9.507645964622497559e-01
-9.509230256080627441e-01
-9.511353373527526855e-01
-9.513716697692871094e-01
-9.516607522964477539e-01
-9.520397782325744629e-01
-9.524486064910888672e-01
-9.528509378433227539e-01
-9.532845020294189453e-01
-9.538403153419494629e-01
-9.545533061027526855e-01
-9.552017450332641602e-01
-9.557257294654846191e-01
-9.561604261398315430e-01
-9.565542340278625488e-01
-9.568641781806945801e-01
-9.573976993560791016e-01
-9.577658772468566895e-01
-9.579660296440124512e-01
-9.581412076950073242e-01
-9.582833051681518555e-01
-9.583806991577148438e-01
-9.584487676620483398e-01
-9.585125446319580078e-01
-9.585744738578796387e-01
-9.586734175682067871e-01
-9.586235284805297852e-01
-9.587302207946777344e-01
-9.588373899459838867e-01
-9.589570760726928711e-01
-9.591160416603088379e-01
-9.592959880828857422e-01
-9.594756960868835449e-01
-9.596884846687316895e-01
-9.599443674087524414e-01
-9.601861238479614258e-01
-9.604858756065368652e-01
-9.609176516532897949e-01
-9.615371227264404297e-01
-9.620927572250366211e-01
-9.627879261970520020e-01
-9.634661078453063965e-01
-9.643777012825012207e-01
-9.650248885154724121e-01
-9.658922553062438965e-01
-9.670336842536926270e-01
-9.677961468696594238e-01
-9.683121442794799805e-01
-9.687960147857666016e-01
-9.694701433181762695e-01
-9.700504541397094727e-01
-9.708494544029235840e-01
-9.713383913040161133e-01
-9.717580080032348633e-01
-9.720060229301452637e-01
-9.723682403564453125e-01
-9.729558229446411133e-01
-9.733906388282775879e-01
-9.738017320632934570e-01
-9.741642475128173828e-01
-9.747318625450134277e-01
-9.755734801292419434e-01
-9.765686988830566406e-01
-9.773951172828674316e-01
-9.781627058982849121e-01
-9.791396856307983398e-01
-9.799508452415466309e-01
-9.807010293006896973e-01
-9.815056324005126953e-01
-9.824391603469848633e-01
-9.835733175277709961e-01
-9.849471449851989746e-01
-9.860208034515380859e-01
-9.871360659599304199e-01
-9.877950549125671387e-01
-9.881806969642639160e-01
-9.884315729141235352e-01
-9.886359572410583496e-01
-9.890377521514892578e-01
-9.895333647727966309e-01
-9.901062846183776855e-01
-9.909058809280395508e-01
-9.916634559631347656e-01
-9.919536113739013672e-01
-9.927473664283752441e-01
-9.933206439018249512e-01
-9.939849972724914551e-01
-9.948229193687438965e-01
-9.957777857780456543e-01
-9.968253970146179199e-01
-9.977147579193115234e-01
-9.985204935073852539e-01
-9.991379976272583008e-01
-9.994588494300842285e-01
-9.997780323028564453e-01
-1.000097036361694336e+00
-1.000348329544067383e+00
-1.000555992126464844e+00
-1.000766396522521973e+00
-1.000995874404907227e+00
-1.001254200935363770e+00
-1.001426696777343750e+00
-1.001636028289794922e+00
-1.001908540725708008e+00
-1.002222537994384766e+00
-1.002569198608398438e+00
-1.002874493598937988e+00
-1.003155589103698730e+00
-1.003398060798645020e+00
-1.003630161285400391e+00
-1.003886580467224121e+00
-1.004219889640808105e+00
-1.004560470581054688e+00
-1.004910826683044434e+00
-1.005280494689941406e+00
-1.005634427070617676e+00
-1.006032943725585938e+00
-1.006595492362976074e+00
-1.007274270057678223e+00
-1.007759332656860352e+00
-1.008574485778808594e+00
-1.009286761283874512e+00
-1.009800910949707031e+00
-1.010131955146789551e+00
-1.010318279266357422e+00
-1.010550498962402344e+00
-1.010801315307617188e+00
-1.011022925376892090e+00
-1.011309027671813965e+00
-1.011716485023498535e+00
-1.012194395065307617e+00
-1.012639403343200684e+00
-1.013394355773925781e+00
-1.013973832130432129e+00
-1.014418721199035645e+00
-1.014801025390625000e+00
-1.015096068382263184e+00
-1.015349864959716797e+00
-1.015579462051391602e+00
-1.015820384025573730e+00
-1.016113877296447754e+00
-1.016447424888610840e+00
-1.016813755035400391e+00
-1.017214655876159668e+00
-1.017655968666076660e+00
-1.018137931823730469e+00
-1.018600702285766602e+00
-1.019044876098632812e+00
-1.019511818885803223e+00
-1.019943714141845703e+00
-1.020441770553588867e+00
-1.021005630493164062e+00
-1.021636486053466797e+00
-1.022130131721496582e+00
-1.022588729858398438e+00
-1.023009181022644043e+00
-1.023320555686950684e+00
-1.023806810379028320e+00
-1.024091243743896484e+00
-1.024467706680297852e+00
-1.024765133857727051e+00
-1.025177597999572754e+00
-1.025520443916320801e+00
-1.025869369506835938e+00
-1.026241898536682129e+00
-1.026704072952270508e+00
-1.027316570281982422e+00
-1.028107643127441406e+00
-1.028930783271789551e+00
-1.029991984367370605e+00
-1.030755996704101562e+00
-1.032055139541625977e+00
-1.032962083816528320e+00
-1.033765792846679688e+00
-1.034139156341552734e+00
-1.034525752067565918e+00
-1.035003662109375000e+00
-1.035371065139770508e+00
-1.035722255706787109e+00
-1.036177158355712891e+00
-1.036618590354919434e+00
-1.037111520767211914e+00
-1.037542819976806641e+00
-1.038181066513061523e+00
-1.038935422897338867e+00
-1.039671897888183594e+00
-1.040487289428710938e+00
-1.041272401809692383e+00
-1.041760563850402832e+00
-1.042349576950073242e+00
-1.042732715606689453e+00
-1.043158769607543945e+00
-1.043541550636291504e+00
-1.043814897537231445e+00
-1.044152855873107910e+00
-1.044579982757568359e+00
-1.045007467269897461e+00
-1.045485973358154297e+00
-1.046079397201538086e+00
-1.046489834785461426e+00
-1.047205924987792969e+00
-1.047847867012023926e+00
-1.048243284225463867e+00
-1.048497438430786133e+00
-1.048723459243774414e+00
-1.048922300338745117e+00
-1.049127340316772461e+00
-1.049333691596984863e+00
-1.049515962600708008e+00
-1.049641489982604980e+00
-1.049866199493408203e+00
-1.050048351287841797e+00
-1.050246953964233398e+00
-1.050469160079956055e+00
-1.050814628601074219e+00
-1.051182866096496582e+00
-1.051493883132934570e+00
-1.051825761795043945e+00
-1.052135109901428223e+00
-1.052355408668518066e+00
-1.052515029907226562e+00
-1.052745342254638672e+00
-1.052937030792236328e+00
-1.053184986114501953e+00
-1.053404688835144043e+00
-1.053581714630126953e+00
-1.053731679916381836e+00
-1.053850650787353516e+00
-1.054083585739135742e+00
-1.054373860359191895e+00
-1.054717302322387695e+00
-1.055095672607421875e+00
-1.055447220802307129e+00
-1.055773377418518066e+00
-1.056023001670837402e+00
-1.056258082389831543e+00
-1.056491374969482422e+00
-1.056734442710876465e+00
-1.056941032409667969e+00
-1.057130455970764160e+00
-1.057389855384826660e+00
-1.057696938514709473e+00
-1.057981371879577637e+00
-1.058174014091491699e+00
-1.058335542678833008e+00
-1.058508515357971191e+00
-1.058772325515747070e+00
-1.059027791023254395e+00
-1.059295415878295898e+00
-1.059660315513610840e+00
-1.060153365135192871e+00
-1.060703396797180176e+00
-1.061295390129089355e+00
-1.061934590339660645e+00
-1.062582373619079590e+00
-1.063145160675048828e+00
-1.063699245452880859e+00
-1.064457058906555176e+00
-1.065156102180480957e+00
-1.065628886222839355e+00
-1.066016912460327148e+00
-1.066414237022399902e+00
-1.066772341728210449e+00
-1.067091464996337891e+00
-1.067461133003234863e+00
-1.067525744438171387e+00
-1.068114399909973145e+00
-1.068616747856140137e+00
-1.069097042083740234e+00
-1.069552063941955566e+00
-1.069933652877807617e+00
-1.070258975028991699e+00
-1.070505142211914062e+00
-1.070788860321044922e+00
-1.071150541305541992e+00
-1.071682214736938477e+00
-1.072284340858459473e+00
-1.072962522506713867e+00
-1.073677659034729004e+00
-1.074314832687377930e+00
-1.074929594993591309e+00
-1.075564146041870117e+00
-1.076464295387268066e+00
-1.077407956123352051e+00
-1.078216791152954102e+00
-1.079092860221862793e+00
-1.079857826232910156e+00
-1.080519437789916992e+00
-1.081335544586181641e+00
-1.082003116607666016e+00
-1.082514762878417969e+00
-1.082859396934509277e+00
-1.083309650421142578e+00
-1.083820819854736328e+00
-1.084387779235839844e+00
-1.085109710693359375e+00
-1.086043596267700195e+00
-1.087077617645263672e+00
-1.088097333908081055e+00
-1.088853955268859863e+00
-1.089533448219299316e+00
-1.090132594108581543e+00
-1.089789986610412598e+00
-1.090420365333557129e+00
-1.090986728668212891e+00
-1.091464400291442871e+00
-1.091970920562744141e+00
-1.092623949050903320e+00
-1.093316078186035156e+00
-1.093813896179199219e+00
-1.094105958938598633e+00
-1.094356417655944824e+00
-1.094556570053100586e+00
-1.094764471054077148e+00
-1.095026850700378418e+00
-1.095330834388732910e+00
-1.095571994781494141e+00
-1.095890045166015625e+00
-1.096192836761474609e+00
-1.096437215805053711e+00
-1.096615433692932129e+00
-1.096785187721252441e+00
-1.096934556961059570e+00
-1.097041368484497070e+00
-1.097229242324829102e+00
-1.097160220146179199e+00
-1.097314119338989258e+00
-1.097470521926879883e+00
-1.097614049911499023e+00
-1.097756862640380859e+00
-1.097887992858886719e+00
-1.098013877868652344e+00
-1.098172545433044434e+00
-1.098308920860290527e+00
-1.098598718643188477e+00
-1.098986864089965820e+00
-1.099388837814331055e+00
-1.099741220474243164e+00
-1.100155234336853027e+00
-1.100238442420959473e+00
-1.100841045379638672e+00
-1.101226568222045898e+00
-1.101630210876464844e+00
-1.102231383323669434e+00
-1.102817296981811523e+00
-1.103242754936218262e+00
-1.103501796722412109e+00
-1.103819131851196289e+00
-1.104132294654846191e+00
-1.104391217231750488e+00
-1.104743957519531250e+00
-1.105178833007812500e+00
-1.105650663375854492e+00
-1.106126546859741211e+00
-1.106581449508666992e+00
-1.106969237327575684e+00
-1.107371211051940918e+00
-1.107750296592712402e+00
-1.108128190040588379e+00
-1.108443617820739746e+00
-1.108707547187805176e+00
-1.108972072601318359e+00
-1.109324812889099121e+00
-1.109685778617858887e+00
-1.109997868537902832e+00
-1.110354781150817871e+00
-1.110699415206909180e+00
-1.111010074615478516e+00
-1.111338019371032715e+00
-1.111700415611267090e+00
-1.111948490142822266e+00
-1.112130761146545410e+00
-1.112279295921325684e+00
-1.112436890602111816e+00
-1.112641215324401855e+00
-1.112665891647338867e+00
-1.112948417663574219e+00
-1.113177180290222168e+00
-1.113440632820129395e+00
-1.113684415817260742e+00
-1.113913059234619141e+00
-1.114120125770568848e+00
-1.114294409751892090e+00
-1.114437222480773926e+00
-1.114544510841369629e+00
-1.114672899246215820e+00
-1.114838004112243652e+00
-1.115087985992431641e+00
-1.115423917770385742e+00
-1.115792274475097656e+00
-1.116191506385803223e+00
-1.116639971733093262e+00
-1.116982936859130859e+00
-1.117238521575927734e+00
-1.117503046989440918e+00
-1.117676377296447754e+00
-1.117869973182678223e+00
-1.118050456047058105e+00
-1.118220210075378418e+00
-1.118410587310791016e+00
-1.118615984916687012e+00
-1.118847608566284180e+00
-1.119059443473815918e+00
-1.119317770004272461e+00
-1.119703292846679688e+00
-1.120109081268310547e+00
-1.120492100715637207e+00
-1.120899319648742676e+00
-1.121356010437011719e+00
-1.121773242950439453e+00
-1.122201085090637207e+00
-1.122518420219421387e+00
-1.122737288475036621e+00
-1.123042583465576172e+00
-1.123157858848571777e+00
-1.123507142066955566e+00
-1.123709201812744141e+00
-1.124024510383605957e+00
-1.124357104301452637e+00
-1.124671339988708496e+00
-1.125048518180847168e+00
-1.125518441200256348e+00
-1.125836849212646484e+00
-1.126359343528747559e+00
-1.126877307891845703e+00
-1.127307534217834473e+00
-1.127744317054748535e+00
-1.128070950508117676e+00
-1.128415226936340332e+00
-1.128934264183044434e+00
-1.129303932189941406e+00
-1.129655241966247559e+00
-1.129918694496154785e+00
-1.130114555358886719e+00
-1.130382657051086426e+00
-1.130695939064025879e+00
-1.130908966064453125e+00
-1.131091237068176270e+00
-1.131364226341247559e+00
-1.131674051284790039e+00
-1.132047653198242188e+00
-1.132534146308898926e+00
-1.132990598678588867e+00
-1.133486270904541016e+00
-1.134035825729370117e+00
-1.134630084037780762e+00
-1.135294437408447266e+00
-1.136017560958862305e+00
-1.136949419975280762e+00
-1.137933373451232910e+00
-1.138704419136047363e+00
-1.139560461044311523e+00
-1.140014290809631348e+00
-1.140620589256286621e+00
-1.141074180603027344e+00
-1.141498684883117676e+00
-1.141859054565429688e+00
-1.142165780067443848e+00
-1.142481565475463867e+00
-1.129995703697204590e+00
-1.142533183097839355e+00
-1.142845869064331055e+00
-1.143151283264160156e+00
-1.143451333045959473e+00
-1.143799066543579102e+00
-1.144168138504028320e+00
-1.144500851631164551e+00
-1.144995093345642090e+00
-1.145548820495605469e+00
-1.146060824394226074e+00
-1.146540522575378418e+00
-1.146992444992065430e+00
-1.147401809692382812e+00
-1.147802829742431641e+00
-1.148308038711547852e+00
-1.148720860481262207e+00
-1.149053692817687988e+00
-1.149317026138305664e+00
-1.149507403373718262e+00
-1.149773359298706055e+00
-1.150009989738464355e+00
-1.150224447250366211e+00
-1.150438189506530762e+00
-1.150707006454467773e+00
-1.150930047035217285e+00
-1.151144504547119141e+00
-1.151349186897277832e+00
-1.151533246040344238e+00
-1.151700496673583984e+00
-1.151877999305725098e+00
-1.152008771896362305e+00
-1.152124524116516113e+00
-1.152060151100158691e+00
-1.152207255363464355e+00
-1.152458667755126953e+00
-1.152627229690551758e+00
-1.152858257293701172e+00
-1.153108477592468262e+00
-1.153352975845336914e+00
-1.153635978698730469e+00
-1.153917193412780762e+00
-1.154158473014831543e+00
-1.154459595680236816e+00
-1.154833316802978516e+00
-1.155142068862915039e+00
-1.155367970466613770e+00
-1.155583381652832031e+00
-1.155768990516662598e+00
-1.155964136123657227e+00
-1.156216859817504883e+00
-1.156380414962768555e+00
-1.156603932380676270e+00
-1.156839966773986816e+00
-1.157041192054748535e+00
-1.157209157943725586e+00
-1.157339334487915039e+00
-1.157463788986206055e+00
-1.157648563385009766e+00
-1.157938957214355469e+00
-1.158188819885253906e+00
-1.158444046974182129e+00
-1.158706188201904297e+00
-1.158956646919250488e+00
-1.159164786338806152e+00
-1.159373641014099121e+00
-1.159753680229187012e+00
-1.160097241401672363e+00
-1.160493731498718262e+00
-1.159077763557434082e+00
-1.160947322845458984e+00
-1.161219239234924316e+00
-1.161955595016479492e+00
-1.162545442581176758e+00
-1.163149714469909668e+00
-1.163865327835083008e+00
-1.164410352706909180e+00
-1.165862202644348145e+00
-1.167304873466491699e+00
-1.168881535530090332e+00
-1.169920444488525391e+00
-1.171269893646240234e+00
-1.172512292861938477e+00
-1.173485994338989258e+00
-1.174362063407897949e+00
-1.175322771072387695e+00
-1.176009774208068848e+00
-1.176754713058471680e+00
-1.177156090736389160e+00
-1.177759885787963867e+00
-1.178312420845031738e+00
-1.178791642189025879e+00
-1.179391503334045410e+00
-1.179439067840576172e+00
-1.179739236831665039e+00
-1.180686354637145996e+00
-1.181356072425842285e+00
-1.182187557220458984e+00
-1.182942032814025879e+00
-1.183099508285522461e+00
-1.183562159538269043e+00
-1.184049606323242188e+00
-1.184434294700622559e+00
-1.184839606285095215e+00
-1.185289382934570312e+00
-1.185505867004394531e+00
-1.185896992683410645e+00
-1.186233997344970703e+00
-1.186629533767700195e+00
-1.187023043632507324e+00
-1.187301993370056152e+00
-1.187539100646972656e+00
-1.187792658805847168e+00
-1.188062310218811035e+00
-1.188265562057495117e+00
-1.188463687896728516e+00
-1.188639402389526367e+00
-1.188854217529296875e+00
-1.189031243324279785e+00
-1.189204096794128418e+00
-1.189404726028442383e+00
-1.189618706703186035e+00
-1.189788460731506348e+00
-1.189956307411193848e+00
-1.190110802650451660e+00
-1.190263628959655762e+00
-1.190415024757385254e+00
-1.190546631813049316e+00
-1.190714836120605469e+00
-1.190868616104125977e+00
-1.191048026084899902e+00
-1.191174626350402832e+00
-1.191274404525756836e+00
-1.191341042518615723e+00
-1.191443324089050293e+00
-1.191558480262756348e+00
-1.191694140434265137e+00
-1.191905856132507324e+00
-1.192265987396240234e+00
-1.192594885826110840e+00
-1.193207979202270508e+00
-1.194058060646057129e+00
-1.195165872573852539e+00
-1.196446061134338379e+00
-1.197645306587219238e+00
-1.198791980743408203e+00
-1.199589848518371582e+00
-1.200271487236022949e+00
-1.200857043266296387e+00
-1.201535940170288086e+00
-1.202302455902099609e+00
-1.202934861183166504e+00
-1.203478574752807617e+00
-1.204352498054504395e+00
-1.205431580543518066e+00
-1.206689596176147461e+00
-1.208167076110839844e+00
-1.209593296051025391e+00
-1.211036920547485352e+00
-1.212118864059448242e+00
-1.213436722755432129e+00
-1.214367508888244629e+00
-1.215016126632690430e+00
-1.215976953506469727e+00
-1.216949105262756348e+00
-1.217897891998291016e+00
-1.219043016433715820e+00
-1.220120429992675781e+00
-1.221220016479492188e+00
-1.222650051116943359e+00
-1.223753809928894043e+00
-1.224763870239257812e+00
-1.225679278373718262e+00
-1.226478815078735352e+00
-1.227156639099121094e+00
-1.227759003639221191e+00
-1.228009939193725586e+00
-1.228661417961120605e+00
-1.229170680046081543e+00
-1.229528665542602539e+00
-1.229922294616699219e+00
-1.230406403541564941e+00
-1.230986833572387695e+00
-1.230264425277709961e+00
-1.231280922889709473e+00
-1.231873750686645508e+00
-1.232533574104309082e+00
-1.233252286911010742e+00
-1.233879327774047852e+00
-1.234298467636108398e+00
-1.234660387039184570e+00
-1.235005497932434082e+00
-1.235223650932312012e+00
-1.235563158988952637e+00
-1.235936045646667480e+00
-1.236316919326782227e+00
-1.236684322357177734e+00
-1.237102746963500977e+00
-1.237608075141906738e+00
-1.238057732582092285e+00
-1.238343954086303711e+00
-1.238772749900817871e+00
-1.239145755767822266e+00
-1.239521265029907227e+00
-1.239923596382141113e+00
-1.240318775177001953e+00
-1.240706682205200195e+00
-1.241066336631774902e+00
-1.241421461105346680e+00
-1.241736412048339844e+00
-1.242030978202819824e+00
-1.242301225662231445e+00
-1.242604017257690430e+00
-1.242994785308837891e+00
-1.243456244468688965e+00
-1.243929982185363770e+00
-1.244267225265502930e+00
-1.244982242584228516e+00
-1.245529770851135254e+00
-1.245877385139465332e+00
-1.246085286140441895e+00
-1.246234178543090820e+00
-1.246368050575256348e+00
-1.246466755867004395e+00
-1.246542572975158691e+00
-1.246683955192565918e+00
-1.246844649314880371e+00
-1.247074246406555176e+00
-1.247345089912414551e+00
-1.247609853744506836e+00
-1.247863292694091797e+00
-1.248071908950805664e+00
-1.248377680778503418e+00
-1.248671293258666992e+00
-1.248938918113708496e+00
-1.249231934547424316e+00
-1.249484419822692871e+00
-1.249734640121459961e+00
-1.250003576278686523e+00
-1.240806221961975098e+00
-1.250092267990112305e+00
-1.250403404235839844e+00
-1.250703930854797363e+00
-1.250969886779785156e+00
-1.251138329505920410e+00
-1.251327157020568848e+00
-1.251575350761413574e+00
-1.252060413360595703e+00
-1.252429366111755371e+00
-1.252791523933410645e+00
-1.253122925758361816e+00
-1.253463625907897949e+00
-1.253742337226867676e+00
-1.253985643386840820e+00
-1.254283785820007324e+00
-1.254581928253173828e+00
-1.254866123199462891e+00
-1.255298495292663574e+00
-1.255730271339416504e+00
-1.256124973297119141e+00
-1.256470084190368652e+00
-1.256915092468261719e+00
-1.257360100746154785e+00
-1.257588863372802734e+00
-1.257923603057861328e+00
-1.258190274238586426e+00
-1.258388161659240723e+00
-1.258568882942199707e+00
-1.258790493011474609e+00
-1.259000658988952637e+00
-1.259198307991027832e+00
-1.259400248527526855e+00
-1.259639263153076172e+00
-1.259922027587890625e+00
-1.260187387466430664e+00
-1.260367035865783691e+00
-1.260559916496276855e+00
-1.260716795921325684e+00
-1.260877966880798340e+00
-1.260980486869812012e+00
-1.261056303977966309e+00
-1.261216044425964355e+00
-1.261494278907775879e+00
-1.261730432510375977e+00
-1.262032270431518555e+00
-1.262425661087036133e+00
-1.262698292732238770e+00
-1.262920856475830078e+00
-1.263098239898681641e+00
-1.263410210609436035e+00
-1.263743042945861816e+00
-1.264017581939697266e+00
-1.264203190803527832e+00
-1.264398932456970215e+00
-1.264637827873229980e+00
-1.264932632446289062e+00
-1.265179276466369629e+00
-1.265450239181518555e+00
-1.265711069107055664e+00
-1.265981554985046387e+00
-1.266224980354309082e+00
-1.266418457031250000e+00
-1.266761302947998047e+00
-1.267158150672912598e+00
-1.267472863197326660e+00
-1.267777681350708008e+00
-1.268021941184997559e+00
-1.268300294876098633e+00
-1.268541097640991211e+00
-1.268772840499877930e+00
-1.268978238105773926e+00
-1.269146680831909180e+00
-1.269324302673339844e+00
-1.269527077674865723e+00
-1.269635915756225586e+00
-1.269762516021728516e+00
-1.269920825958251953e+00
-1.270090818405151367e+00
-1.270296335220336914e+00
-1.270544052124023438e+00
-1.270731568336486816e+00
-1.271155357360839844e+00
-1.271557092666625977e+00
-1.271898746490478516e+00
-1.272161483764648438e+00
-1.272407889366149902e+00
-1.272603154182434082e+00
-1.272889137268066406e+00
-1.272742509841918945e+00
-1.273040056228637695e+00
-1.273560523986816406e+00
-1.273835420608520508e+00
-1.274195671081542969e+00
-1.274706959724426270e+00
-1.275173306465148926e+00
-1.275581479072570801e+00
-1.276057004928588867e+00
-1.276651620864868164e+00
-1.277173876762390137e+00
-1.277641057968139648e+00
-1.277956366539001465e+00
-1.278308272361755371e+00
-1.278556466102600098e+00
-1.278983354568481445e+00
-1.279648661613464355e+00
-1.280388236045837402e+00
-1.281138658523559570e+00
-1.280973672866821289e+00
-1.281556963920593262e+00
-1.282125830650329590e+00
-1.282749891281127930e+00
-1.283526539802551270e+00
-1.284296989440917969e+00
-1.284919261932373047e+00
-1.285376787185668945e+00
-1.285900235176086426e+00
-1.286363959312438965e+00
-1.286890745162963867e+00
-1.287238836288452148e+00
-1.287663221359252930e+00
-1.288053035736083984e+00
-1.288408279418945312e+00
-1.288715600967407227e+00
-1.288989305496215820e+00
-1.289219260215759277e+00
-1.289519906044006348e+00
-1.289771556854248047e+00
-1.289955973625183105e+00
-1.290253877639770508e+00
-1.290467500686645508e+00
-1.290631651878356934e+00
-1.290817260742187500e+00
-1.290965914726257324e+00
-1.291216373443603516e+00
-1.291492342948913574e+00
-1.291793704032897949e+00
-1.292057752609252930e+00
-1.292214393615722656e+00
-1.292610406875610352e+00
-1.292932868003845215e+00
-1.293236851692199707e+00
-1.293567776679992676e+00
-1.293914198875427246e+00
-1.294334292411804199e+00
-1.294751763343811035e+00
-1.295156717300415039e+00
-1.295536041259765625e+00
-1.295818448066711426e+00
-1.296087861061096191e+00
-1.296377062797546387e+00
-1.296627521514892578e+00
-1.296820044517517090e+00
-1.297019004821777344e+00
-1.297203660011291504e+00
-1.297405838966369629e+00
-1.297601461410522461e+00
-1.297814488410949707e+00
-1.287083268165588379e+00
-1.297837376594543457e+00
-1.298128962516784668e+00
-1.298443317413330078e+00
-1.298808932304382324e+00
-1.299303531646728516e+00
-1.299815177917480469e+00
-1.300332188606262207e+00
-1.300848841667175293e+00
-1.301239728927612305e+00
-1.301545858383178711e+00
-1.301797628402709961e+00
-1.301970958709716797e+00
-1.302059531211853027e+00
-1.302213311195373535e+00
-1.302419185638427734e+00
-1.302643299102783203e+00
-1.302920937538146973e+00
-1.303487300872802734e+00
-1.304091453552246094e+00
-1.304690122604370117e+00
-1.305150747299194336e+00
-1.305784225463867188e+00
-1.306324005126953125e+00
-1.306642651557922363e+00
-1.306945204734802246e+00
-1.307113170623779297e+00
-1.307373166084289551e+00
-1.307629704475402832e+00
-1.307818651199340820e+00
-1.308013677597045898e+00
-1.308276414871215820e+00
-1.308512687683105469e+00
-1.308805823326110840e+00
-1.309069275856018066e+00
-1.309310913085937500e+00
-1.309516906738281250e+00
-1.309709668159484863e+00
-1.309888124465942383e+00
-1.310022950172424316e+00
-1.310197710990905762e+00
-1.310473442077636719e+00
-1.307836532592773438e+00
-1.310580730438232422e+00
-1.310851454734802246e+00
-1.311202526092529297e+00
-1.311534285545349121e+00
-1.311841607093811035e+00
-1.312143087387084961e+00
-1.312266707420349121e+00
-1.312693953514099121e+00
-1.312884449958801270e+00
-1.313296794891357422e+00
-1.313715100288391113e+00
-1.314040899276733398e+00
-1.314272880554199219e+00
-1.314548373222351074e+00
-1.314826607704162598e+00
-1.315115571022033691e+00
-1.315426826477050781e+00
-1.315729141235351562e+00
-1.315979123115539551e+00
-1.316167831420898438e+00
-1.316371440887451172e+00
-1.316525220870971680e+00
-1.316683411598205566e+00
-1.316805362701416016e+00
-1.317003488540649414e+00
-1.317193269729614258e+00
-1.317432999610900879e+00
-1.309031724929809570e+00
-1.317586898803710938e+00
-1.317796468734741211e+00
-1.318081736564636230e+00
-1.318471789360046387e+00
-1.318871974945068359e+00
-1.319323778152465820e+00
-1.320083260536193848e+00
-1.320798993110656738e+00
-1.322177886962890625e+00
-1.323665857315063477e+00
-1.324567079544067383e+00
-1.325509309768676758e+00
-1.326344013214111328e+00
-1.327016592025756836e+00
-1.327716469764709473e+00
-1.328284978866577148e+00
-1.329025506973266602e+00
-1.329703927040100098e+00
-1.330097317695617676e+00
-1.330589294433593750e+00
-1.330905556678771973e+00
-1.331160068511962891e+00
-1.331451892852783203e+00
-1.331687569618225098e+00
-1.331924557685852051e+00
-1.332260608673095703e+00
-1.332651019096374512e+00
-1.332945704460144043e+00
-1.333097219467163086e+00
-1.333387613296508789e+00
-1.333527207374572754e+00
-1.333781838417053223e+00
-1.333991289138793945e+00
-1.334126710891723633e+00
-1.334274172782897949e+00
-1.334424734115600586e+00
-1.334597349166870117e+00
-1.334717631340026855e+00
-1.334875345230102539e+00
-1.335000991821289062e+00
-1.335197448730468750e+00
-1.335418939590454102e+00
-1.335618615150451660e+00
-1.335840940475463867e+00
-1.336030960083007812e+00
-1.336189866065979004e+00
-1.336310625076293945e+00
-1.336419939994812012e+00
-1.336496949195861816e+00
-1.336569786071777344e+00
-1.336651086807250977e+00
-1.336700916290283203e+00
-1.336807131767272949e+00
-1.336920619010925293e+00
-1.337109804153442383e+00
-1.337254405021667480e+00
-1.337430596351623535e+00
-1.337781906127929688e+00
-1.338066935539245605e+00
-1.338340163230895996e+00
-1.338583946228027344e+00
-1.338831424713134766e+00
-1.339227080345153809e+00
-1.339754462242126465e+00
-1.340146899223327637e+00
-1.340410470962524414e+00
-1.340640664100646973e+00
-1.340813875198364258e+00
-1.340976595878601074e+00
-1.341217398643493652e+00
-1.341409206390380859e+00
-1.341639876365661621e+00
-1.341751694679260254e+00
-1.342142343521118164e+00
-1.342402100563049316e+00
-1.342578172683715820e+00
-1.342764019966125488e+00
-1.342929363250732422e+00
-1.343106985092163086e+00
-1.343220949172973633e+00
-1.343350052833557129e+00
-1.343457341194152832e+00
-1.343626737594604492e+00
-1.343778491020202637e+00
-1.343971967697143555e+00
-1.344130158424377441e+00
-1.344303011894226074e+00
-1.344433307647705078e+00
-1.344564437866210938e+00
-1.344706892967224121e+00
-1.344827175140380859e+00
-1.344971179962158203e+00
-1.345151185989379883e+00
-1.345353126525878906e+00
-1.345326066017150879e+00
-1.345506906509399414e+00
-1.345743775367736816e+00
-1.345941185951232910e+00
-1.346172809600830078e+00
-1.346375584602355957e+00
-1.346603631973266602e+00
-1.346917867660522461e+00
-1.347354054450988770e+00
-1.347841262817382812e+00
-1.348274946212768555e+00
-1.348731756210327148e+00
-1.349136829376220703e+00
-1.349454879760742188e+00
-1.349753499031066895e+00
-1.350072622299194336e+00
-1.350454449653625488e+00
-1.350729942321777344e+00
-1.351346969604492188e+00
-1.351818084716796875e+00
-1.352310180664062500e+00
-1.352014899253845215e+00
-1.352819085121154785e+00
-1.353322863578796387e+00
-1.354014873504638672e+00
-1.354803442955017090e+00
-1.355377197265625000e+00
-1.355744600296020508e+00
-1.356011748313903809e+00
-1.356261253356933594e+00
-1.356461048126220703e+00
-1.355306506156921387e+00
-1.356665372848510742e+00
-1.356894493103027344e+00
-1.357146382331848145e+00
-1.357382416725158691e+00
-1.357548832893371582e+00
-1.357721567153930664e+00
-1.357885003089904785e+00
-1.357978820800781250e+00
-1.358074069023132324e+00
-1.358180165290832520e+00
-1.358384490013122559e+00
-1.358614683151245117e+00
-1.358886718750000000e+00
-1.358348846435546875e+00
-1.359013795852661133e+00
-1.359279632568359375e+00
-1.359723210334777832e+00
-1.360251188278198242e+00
-1.360818862915039062e+00
-1.361456274986267090e+00
-1.362098693847656250e+00
-1.362712383270263672e+00
-1.363107919692993164e+00
-1.363586306571960449e+00
-1.364142537117004395e+00
-1.364716887474060059e+00
-1.365224123001098633e+00
-1.365640282630920410e+00
-1.365960121154785156e+00
-1.366254448890686035e+00
-1.366499900817871094e+00
-1.366865634918212891e+00
-1.367197155952453613e+00
-1.367569565773010254e+00
-1.367918133735656738e+00
-1.368207335472106934e+00
-1.368473410606384277e+00
-1.368904709815979004e+00
-1.369313359260559082e+00
-1.369617462158203125e+00
-1.369961977005004883e+00
-1.370486140251159668e+00
-1.370956182479858398e+00
-1.371421575546264648e+00
-1.371687531471252441e+00
-1.371948838233947754e+00
-1.372138381004333496e+00
-1.372285604476928711e+00
-1.372469544410705566e+00
-1.372552394866943359e+00
-1.372685313224792480e+00
-1.372848391532897949e+00
-1.373103618621826172e+00
-1.373441934585571289e+00
-1.373726606369018555e+00
-1.374158978462219238e+00
-1.374421238899230957e+00
-1.375051140785217285e+00
-1.375589847564697266e+00
-1.375867486000061035e+00
-1.376025915145874023e+00
-1.376278042793273926e+00
-1.376470446586608887e+00
-1.376757025718688965e+00
-1.376980781555175781e+00
-1.377170801162719727e+00
-1.377300620079040527e+00
-1.377438783645629883e+00
-1.377564311027526855e+00
-1.377673864364624023e+00
-1.377818465232849121e+00
-1.378107666969299316e+00
-1.378410220146179199e+00
-1.376701831817626953e+00
-1.378455877304077148e+00
-1.378559350967407227e+00
-1.378762483596801758e+00
-1.379040837287902832e+00
-1.379299759864807129e+00
-1.379568934440612793e+00
-1.379734396934509277e+00
-1.380067110061645508e+00
-1.380462408065795898e+00
-1.380771040916442871e+00
-1.381116747856140137e+00
-1.381415605545043945e+00
-1.381610631942749023e+00
-1.381877660751342773e+00
-1.382051467895507812e+00
-1.382216095924377441e+00
-1.382289290428161621e+00
-1.382411479949951172e+00
-1.382567405700683594e+00
-1.382661700248718262e+00
-1.382764339447021484e+00
-1.382831573486328125e+00
-1.382925868034362793e+00
-1.382994055747985840e+00
-1.383070111274719238e+00
-1.383136391639709473e+00
-1.383218169212341309e+00
-1.383294463157653809e+00
-1.383353710174560547e+00
-1.383475780487060547e+00
-1.383339643478393555e+00
-1.383568763732910156e+00
-1.383661270141601562e+00
-1.383881330490112305e+00
-1.384112000465393066e+00
-1.384284496307373047e+00
-1.384455561637878418e+00
-1.384605646133422852e+00
-1.384831428527832031e+00
-1.384730339050292969e+00
-1.384909868240356445e+00
-1.385124325752258301e+00
-1.385380148887634277e+00
-1.385676980018615723e+00
-1.385913610458374023e+00
-1.386161327362060547e+00
-1.386352539062500000e+00
-1.386578083038330078e+00
-1.386834263801574707e+00
-1.387104272842407227e+00
-1.387391090393066406e+00
-1.387625813484191895e+00
-1.387847661972045898e+00
-1.388101220130920410e+00
-1.388096213340759277e+00
-1.388231635093688965e+00
-1.388560533523559570e+00
-1.388773083686828613e+00
-1.389076590538024902e+00
-1.389297842979431152e+00
-1.389435887336730957e+00
-1.389529585838317871e+00
-1.389646649360656738e+00
-1.389767408370971680e+00
-1.389900326728820801e+00
-1.390110135078430176e+00
-1.390310168266296387e+00
-1.390527248382568359e+00
-1.390749096870422363e+00
-1.390885233879089355e+00
-1.391019940376281738e+00
-1.391207814216613770e+00
-1.391381978988647461e+00
-1.391543507575988770e+00
-1.391750097274780273e+00
-1.391941905021667480e+00
-1.392223477363586426e+00
-1.392534375190734863e+00
-1.392835378646850586e+00
-1.393080115318298340e+00
-1.393239974975585938e+00
-1.393434405326843262e+00
-1.393589973449707031e+00
-1.393728375434875488e+00
-1.393892526626586914e+00
-1.394085645675659180e+00
-1.394299387931823730e+00
-1.394509434700012207e+00
-1.394620180130004883e+00
-1.394718647003173828e+00
-1.394803047180175781e+00
-1.394873261451721191e+00
-1.394988298416137695e+00
-1.395085930824279785e+00
-1.395169854164123535e+00
-1.395262837409973145e+00
-1.395382881164550781e+00
-1.395533919334411621e+00
-1.395706892013549805e+00
-1.395916461944580078e+00
-1.395989060401916504e+00
-1.396234273910522461e+00
-1.396414399147033691e+00
-1.396607756614685059e+00
-1.396803021430969238e+00
-1.396973490715026855e+00
-1.397132873535156250e+00
-1.397289872169494629e+00
-1.397475481033325195e+00
-1.397662758827209473e+00
-1.397853612899780273e+00
-1.398098349571228027e+00
-1.398370623588562012e+00
-1.398691415786743164e+00
-1.398987531661987305e+00
-1.399284362792968750e+00
-1.399581313133239746e+00
-1.399931669235229492e+00
-1.400351047515869141e+00
-1.400601029396057129e+00
-1.401075005531311035e+00
-1.401509165763854980e+00
-1.402002334594726562e+00
-1.402406930923461914e+00
-1.403014183044433594e+00
-1.403719663619995117e+00
-1.404325366020202637e+00
-1.404806852340698242e+00
-1.405240416526794434e+00
-1.405268311500549316e+00
-1.405521631240844727e+00
-1.405787825584411621e+00
-1.406024813652038574e+00
-1.406245827674865723e+00
-1.406365275382995605e+00
-1.406556129455566406e+00
-1.406730294227600098e+00
-1.406923413276672363e+00
-1.407157897949218750e+00
-1.407380819320678711e+00
-1.407632589340209961e+00
-1.407965183258056641e+00
-1.408358573913574219e+00
-1.408827185630798340e+00
-1.409315466880798340e+00
-1.409731745719909668e+00
-1.410110592842102051e+00
-1.410534143447875977e+00
-1.410959005355834961e+00
-1.411264896392822266e+00
-1.411452174186706543e+00
-1.411609411239624023e+00
-1.411791205406188965e+00
-1.411961436271667480e+00
-1.412130713462829590e+00
-1.412360906600952148e+00
-1.412615537643432617e+00
-1.412818551063537598e+00
-1.412944912910461426e+00
-1.413064599037170410e+00
-1.410685062408447266e+00
-1.413135647773742676e+00
-1.413269400596618652e+00
-1.413442492485046387e+00
-1.413629770278930664e+00
-1.413836836814880371e+00
-1.414046764373779297e+00
-1.414280772209167480e+00
-1.414607524871826172e+00
-1.414987802505493164e+00
-1.415372610092163086e+00
-1.415724277496337891e+00
-1.415904045104980469e+00
-1.416254162788391113e+00
-1.416548252105712891e+00
-1.416841983795166016e+00
-1.417128443717956543e+00
-1.417644500732421875e+00
-1.416968345642089844e+00
-1.418116092681884766e+00
-1.418466448783874512e+00
-1.418904066085815430e+00
-1.419244647026062012e+00
-1.419523119926452637e+00
-1.419853925704956055e+00
-1.420206189155578613e+00
-1.420523405075073242e+00
-1.420754075050354004e+00
-1.420997023582458496e+00
-1.421129822731018066e+00
-1.421411156654357910e+00
-1.421666860580444336e+00
-1.421980738639831543e+00
-1.422486662864685059e+00
-1.423255681991577148e+00
-1.423893570899963379e+00
-1.424683570861816406e+00
-1.425256371498107910e+00
-1.425682902336120605e+00
-1.426212310791015625e+00
-1.426749825477600098e+00
-1.427309036254882812e+00
-1.427801966667175293e+00
-1.428446531295776367e+00
-1.193159341812133789e+00
-1.428509831428527832e+00
-1.429064989089965820e+00
-1.429562211036682129e+00
-1.430034041404724121e+00
-1.430324554443359375e+00
-1.430663466453552246e+00
-1.430938720703125000e+00
-1.431110143661499023e+00
-1.431292653083801270e+00
-1.431500554084777832e+00
-1.431731104850769043e+00
-1.431945443153381348e+00
-1.432146072387695312e+00
-1.431987404823303223e+00
-1.432207703590393066e+00
-1.432356834411621094e+00
-1.432574987411499023e+00
-1.432906270027160645e+00
-1.433277249336242676e+00
-1.433604001998901367e+00
-1.434128284454345703e+00
-1.434711337089538574e+00
-1.435273885726928711e+00
-1.435811281204223633e+00
-1.436401844024658203e+00
-1.436986327171325684e+00
-1.437680721282958984e+00
-1.438287615776062012e+00
-1.438981890678405762e+00
-1.439711332321166992e+00
-1.440355777740478516e+00
-1.440915942192077637e+00
-1.441446661949157715e+00
-1.442005634307861328e+00
-1.442512035369873047e+00
-1.443046450614929199e+00
-1.443505048751831055e+00
-1.443844079971313477e+00
-1.444056510925292969e+00
-1.444265365600585938e+00
-1.444391012191772461e+00
-1.444606184959411621e+00
-1.444792747497558594e+00
-1.444991230964660645e+00
-1.445160984992980957e+00
-1.445315718650817871e+00
-1.445061087608337402e+00
-1.445357441902160645e+00
-1.445527553558349609e+00
-1.445701956748962402e+00
-1.445983290672302246e+00
-1.446171998977661133e+00
-1.446412086486816406e+00
-1.446609854698181152e+00
-1.446727871894836426e+00
-1.446839332580566406e+00
-1.446968317031860352e+00
-1.447106599807739258e+00
-1.447259545326232910e+00
-1.447163820266723633e+00
-1.447321891784667969e+00
-1.447473049163818359e+00
-1.447589993476867676e+00
-1.447727560997009277e+00
-1.447856068611145020e+00
-1.447923183441162109e+00
-1.448029875755310059e+00
-1.448069810867309570e+00
-1.448124527931213379e+00
-1.448197960853576660e+00
-1.448279142379760742e+00
-1.448340773582458496e+00
-1.448399424552917480e+00
-1.448473811149597168e+00
-1.448555350303649902e+00
-1.448619127273559570e+00
-1.448706746101379395e+00
-1.448803067207336426e+00
-1.446787476539611816e+00
-1.448827862739562988e+00
-1.448951363563537598e+00
-1.449070453643798828e+00
-1.449201941490173340e+00
-1.449342131614685059e+00
-1.449439048767089844e+00
-1.449551939964294434e+00
-1.449643850326538086e+00
-1.449727535247802734e+00
-1.449783205986022949e+00
-1.449880480766296387e+00
-1.449317932128906250e+00
-1.449931025505065918e+00
-1.450028061866760254e+00
-1.450100660324096680e+00
-1.450191974639892578e+00
-1.450312256813049316e+00
-1.450422167778015137e+00
-1.450531959533691406e+00
-1.450639367103576660e+00
-1.450715661048889160e+00
-1.450773000717163086e+00
-1.450839400291442871e+00
-1.450913190841674805e+00
-1.450983285903930664e+00
-1.451016068458557129e+00
-1.450528264045715332e+00
-1.451091408729553223e+00
-1.451134324073791504e+00
-1.451207756996154785e+00
-1.451243996620178223e+00
-1.451286435127258301e+00
-1.451311707496643066e+00
-1.451341629028320312e+00
-1.451389193534851074e+00
-1.451421260833740234e+00
-1.451457858085632324e+00
-1.451496958732604980e+00
-1.451544642448425293e+00
-1.451587319374084473e+00
-1.451669096946716309e+00
-1.451742529869079590e+00
-1.451771736145019531e+00
-1.451849222183227539e+00
-1.451956748962402344e+00
-1.452040791511535645e+00
-1.452140092849731445e+00
-1.452226877212524414e+00
-1.452331542968750000e+00
-1.452418088912963867e+00
-1.452536940574645996e+00
-1.452622175216674805e+00
-1.452732443809509277e+00
-1.452798008918762207e+00
-1.452954411506652832e+00
-1.453102111816406250e+00
-1.453258991241455078e+00
-1.453474760055541992e+00
-1.453686594963073730e+00
-1.453831672668457031e+00
-1.453987121582031250e+00
-1.454145312309265137e+00
-1.454285025596618652e+00
-1.454437375068664551e+00
-1.454622983932495117e+00
-1.454808115959167480e+00
-1.454962253570556641e+00
-1.455145239830017090e+00
-1.455320835113525391e+00
-1.455272316932678223e+00
-1.455393910408020020e+00
-1.455650806427001953e+00
-1.455809473991394043e+00
-1.455962419509887695e+00
-1.456378698348999023e+00
-1.456393361091613770e+00
-1.456539511680603027e+00
-1.456746339797973633e+00
-1.456907033920288086e+00
-1.457032203674316406e+00
-1.457190275192260742e+00
-1.457391738891601562e+00
-1.457590222358703613e+00
-1.457785129547119141e+00
-1.457935810089111328e+00
-1.458079934120178223e+00
-1.458064079284667969e+00
-1.458160400390625000e+00
-1.458271503448486328e+00
-1.458417773246765137e+00
-1.458505511283874512e+00
-1.458631753921508789e+00
-1.458790302276611328e+00
-1.458913207054138184e+00
-1.459049105644226074e+00
-1.459280371665954590e+00
-1.459575057029724121e+00
-1.459671974182128906e+00
-1.460019350051879883e+00
-1.460224270820617676e+00
-1.460516691207885742e+00
-1.461030244827270508e+00
-1.461590170860290527e+00
-1.462187647819519043e+00
-1.461724162101745605e+00
-1.462470531463623047e+00
-1.463226914405822754e+00
-1.464005947113037109e+00
-1.464733123779296875e+00
-1.465323448181152344e+00
-1.465848922729492188e+00
-1.466418743133544922e+00
-1.467265367507934570e+00
-1.466849565505981445e+00
-1.467620134353637695e+00
-1.468207001686096191e+00
-1.468889951705932617e+00
-1.469422459602355957e+00
-1.469814419746398926e+00
-1.470137357711791992e+00
-1.470397710800170898e+00
-1.470574975013732910e+00
-1.470716357231140137e+00
-1.470853805541992188e+00
-1.471014618873596191e+00
-1.471154808998107910e+00
-1.471260190010070801e+00
-1.471397638320922852e+00
-1.471512436866760254e+00
-1.471588253974914551e+00
-1.471708893775939941e+00
-1.471833348274230957e+00
-1.471925616264343262e+00
-1.472060441970825195e+00
-1.472198724746704102e+00
-1.472336769104003906e+00
-1.472454667091369629e+00
-1.472580194473266602e+00
-1.472704291343688965e+00
-1.472828030586242676e+00
-1.472912430763244629e+00
-1.473040342330932617e+00
-1.473123311996459961e+00
-1.473230004310607910e+00
-1.473339915275573730e+00
-1.473230600357055664e+00
-1.473367452621459961e+00
-1.473511099815368652e+00
-1.473608970642089844e+00
-1.473716855049133301e+00
-1.473818063735961914e+00
-1.473902940750122070e+00
-1.474000811576843262e+00
-1.474068760871887207e+00
-1.474130630493164062e+00
-1.474193930625915527e+00
-1.474299192428588867e+00
-1.474375367164611816e+00
-1.474470615386962891e+00
-1.474544048309326172e+00
-1.474625349044799805e+00
-1.474695205688476562e+00
-1.474759459495544434e+00
-1.474817276000976562e+00
-1.474891543388366699e+00
-1.474969625473022461e+00
-1.475063204765319824e+00
-1.474911808967590332e+00
-1.475067615509033203e+00
-1.475164175033569336e+00
-1.475212931632995605e+00
-1.475275516510009766e+00
-1.475344657897949219e+00
-1.475408434867858887e+00
-1.475496530532836914e+00
-1.475562453269958496e+00
-1.475656390190124512e+00
-1.475740671157836914e+00
-1.475895285606384277e+00
-1.476003050804138184e+00
-1.476121902465820312e+00
-1.476223945617675781e+00
-1.476275205612182617e+00
-1.476374149322509766e+00
-1.476428866386413574e+00
-1.476519703865051270e+00
-1.476592421531677246e+00
-1.476686716079711914e+00
-1.476778268814086914e+00
-1.476875901222229004e+00
-1.476941466331481934e+00
-1.476498246192932129e+00
-1.477001786231994629e+00
-1.477106809616088867e+00
-1.477265000343322754e+00
-1.477431535720825195e+00
-1.477533817291259766e+00
-1.477668404579162598e+00
-1.477792143821716309e+00
-1.477905511856079102e+00
-1.477986574172973633e+00
-1.478063941001892090e+00
-1.478140234947204590e+00
-1.478176116943359375e+00
-1.478253602981567383e+00
-1.478312134742736816e+00
-1.478378534317016602e+00
-1.478506445884704590e+00
-1.478645086288452148e+00
-1.478808522224426270e+00
-1.478944659233093262e+00
-1.479067444801330566e+00
-1.479225277900695801e+00
-1.479329943656921387e+00
-1.479458928108215332e+00
-1.479616761207580566e+00
-1.479820847511291504e+00
-1.480023503303527832e+00
-1.480219602584838867e+00
-1.480399966239929199e+00
-1.480700254440307617e+00
-1.481005430221557617e+00
-1.481344103813171387e+00
-1.481675148010253906e+00
-1.481903672218322754e+00
-1.482136011123657227e+00
-1.482375025749206543e+00
-1.482598066329956055e+00
-1.482729196548461914e+00
-1.482868194580078125e+00
-1.483011841773986816e+00
-1.483130216598510742e+00
-1.483247518539428711e+00
-1.483292222023010254e+00
-1.483367800712585449e+00
-1.483479619026184082e+00
-1.483606576919555664e+00
-1.483735084533691406e+00
-1.483908057212829590e+00
-1.484058141708374023e+00
-1.484262108802795410e+00
-1.484450221061706543e+00
-1.484640479087829590e+00
-1.484845757484436035e+00
-1.484734535217285156e+00
-1.485006451606750488e+00
-1.485177755355834961e+00
-1.485565781593322754e+00
-1.485975503921508789e+00
-1.486253499984741211e+00
-1.475324869155883789e+00
-1.486328005790710449e+00
-1.486774682998657227e+00
-1.487231850624084473e+00
-1.487530946731567383e+00
-1.487943291664123535e+00
-1.488135576248168945e+00
-1.488473653793334961e+00
-1.488713264465332031e+00
-1.488918185234069824e+00
-1.489114284515380859e+00
-1.489266514778137207e+00
-1.489516496658325195e+00
-1.489732980728149414e+00
-1.489920377731323242e+00
-1.490062713623046875e+00
-1.490226507186889648e+00
-1.490403056144714355e+00
-1.490709543228149414e+00
-1.491268038749694824e+00
-1.491726398468017578e+00
-1.491465926170349121e+00
-1.492028594017028809e+00
-1.492401838302612305e+00
-1.492754101753234863e+00
-1.493159294128417969e+00
-1.493499636650085449e+00
-1.493973135948181152e+00
-1.494365453720092773e+00
-1.495061755180358887e+00
-1.494963169097900391e+00
-1.495352625846862793e+00
-1.495973467826843262e+00
-1.496299386024475098e+00
-1.496800184249877930e+00
-1.497497558593750000e+00
-1.498022675514221191e+00
-1.498609900474548340e+00
-1.499183177947998047e+00
-1.499732136726379395e+00
-1.500186920166015625e+00
-1.500567436218261719e+00
-1.501031517982482910e+00
-1.501570701599121094e+00
-1.502079129219055176e+00
-1.502405405044555664e+00
-1.502730965614318848e+00
-1.503225922584533691e+00
-1.503295421600341797e+00
-1.503708600997924805e+00
-1.504055619239807129e+00
-1.504314541816711426e+00
-1.504539608955383301e+00
-1.504801034927368164e+00
-1.505162119865417480e+00
-1.505555272102355957e+00
-1.502680897712707520e+00
-1.505626797676086426e+00
-1.505570888519287109e+00
-1.506036281585693359e+00
-1.506420016288757324e+00
-1.507033824920654297e+00
-1.507588982582092285e+00
-1.508107662200927734e+00
-1.508493065834045410e+00
-1.508825063705444336e+00
-1.509127020835876465e+00
-1.509456396102905273e+00
-1.509814381599426270e+00
-1.510112166404724121e+00
-1.510442972183227539e+00
-1.510765075683593750e+00
-1.511067032814025879e+00
-1.511326909065246582e+00
-1.511459469795227051e+00
-1.511597037315368652e+00
-1.511695504188537598e+00
-1.511803507804870605e+00
-1.511904716491699219e+00
-1.512054920196533203e+00
-1.512262582778930664e+00
-1.512501716613769531e+00
-1.512729763984680176e+00
-1.512915372848510742e+00
-1.513053536415100098e+00
-1.513162016868591309e+00
-1.513299942016601562e+00
-1.513451218605041504e+00
-1.513574123382568359e+00
-1.513705492019653320e+00
-1.513866305351257324e+00
-1.514043807983398438e+00
-1.514206171035766602e+00
-1.514398455619812012e+00
-1.514601469039916992e+00
-1.514827966690063477e+00
-1.515056133270263672e+00
-1.515317440032958984e+00
-1.515595912933349609e+00
-1.516005992889404297e+00
-1.516261458396911621e+00
-1.516689419746398926e+00
-1.516947150230407715e+00
-1.517210483551025391e+00
-1.517443776130676270e+00
-1.517619371414184570e+00
-1.517828226089477539e+00
-1.518045306205749512e+00
-1.518266558647155762e+00
-1.518472313880920410e+00
-1.518685102462768555e+00
-1.518905520439147949e+00
-1.519127964973449707e+00
-1.519278407096862793e+00
-1.519403696060180664e+00
-1.511790871620178223e+00
-1.519521594047546387e+00
-1.519577145576477051e+00
-1.519800066947937012e+00
-1.520081043243408203e+00
-1.520297765731811523e+00
-1.520573496818542480e+00
-1.520822882652282715e+00
-1.520996689796447754e+00
-1.521030426025390625e+00
-1.521159648895263672e+00
-1.521229743957519531e+00
-1.521285772323608398e+00
-1.521345376968383789e+00
-1.521382689476013184e+00
-1.521407008171081543e+00
-1.521444320678710938e+00
-1.521483182907104492e+00
-1.521504044532775879e+00
-1.521555304527282715e+00
-1.521630644798278809e+00
-1.521229267120361328e+00
-1.521625041961669922e+00
-1.521625518798828125e+00
-1.521623730659484863e+00
-1.521626710891723633e+00
-1.521630406379699707e+00
-1.521630644798278809e+00
