2.637037038803100586e+00
2.601219415664672852e+00
2.420360088348388672e+00
1.872455954551696777e+00
1.679163336753845215e+00
1.523816943168640137e+00
1.393115997314453125e+00
1.135978221893310547e+00
1.580886721611022949e+00
8.140513300895690918e-01
1.285955429077148438e+00
7.349529266357421875e-01
5.437264442443847656e-01
1.087766170501708984e+00
2.840387821197509766e-01
2.345585078001022339e-01
2.327457219362258911e-01
2.304847091436386108e-01
2.188643366098403931e-01
2.104592770338058472e-01
2.008770257234573364e-01
1.985681653022766113e-01
1.974346786737442017e-01
1.967864036560058594e-01
1.964217871427536011e-01
1.959994137287139893e-01
1.951320022344589233e-01
1.936724931001663208e-01
1.922039985656738281e-01
1.915070563554763794e-01
1.911815553903579712e-01
1.908974349498748779e-01
1.906116306781768799e-01
1.902798116207122803e-01
1.895017772912979126e-01
1.880593746900558472e-01
1.871180832386016846e-01
1.868676245212554932e-01
1.865946501493453979e-01
1.864142715930938721e-01
1.860383450984954834e-01
1.855081766843795776e-01
1.831163316965103149e-01
3.782132863998413086e-01
1.803525835275650024e-01
2.048258781433105469e-01
1.798468381166458130e-01
1.765983998775482178e-01
1.744446903467178345e-01
1.723876893520355225e-01
1.714223772287368774e-01
1.708796769380569458e-01
1.701959520578384399e-01
1.689240932464599609e-01
1.662079691886901855e-01
1.618910580873489380e-01
1.614096760749816895e-01
1.603483408689498901e-01
1.596471071243286133e-01
1.594958007335662842e-01
1.591929048299789429e-01
1.588997393846511841e-01
1.586380004882812500e-01
1.582388430833816528e-01
1.574629396200180054e-01
1.559163480997085571e-01
1.543180346488952637e-01
1.523029506206512451e-01
1.505944281816482544e-01
1.492736637592315674e-01
1.490474492311477661e-01
1.488482803106307983e-01
1.483464688062667847e-01
1.472245752811431885e-01
1.456047445535659790e-01
1.439604163169860840e-01
1.422189772129058838e-01
1.396011114120483398e-01
1.360168009996414185e-01
1.363404244184494019e-01
1.318926513195037842e-01
1.277791708707809448e-01
1.215290278196334839e-01
1.164331063628196716e-01
1.117749437689781189e-01
1.067783385515213013e-01
9.054090082645416260e-02
1.033437624573707581e-01
8.339654654264450073e-02
7.629046589136123657e-02
7.361686974763870239e-02
7.267434149980545044e-02
7.196819037199020386e-02
7.115877419710159302e-02
6.975378096103668213e-02
6.734291464090347290e-02
6.236272677779197693e-02
5.903877317905426025e-02
5.821623653173446655e-02
5.759467929601669312e-02
5.697908997535705566e-02
5.449390411376953125e-02
5.143117159605026245e-02
4.828684404492378235e-02
4.485972970724105835e-02
4.120641574263572693e-02
4.074478149414062500e-02
4.030237346887588501e-02
4.006846994161605835e-02
3.973674774169921875e-02
3.938377648591995239e-02
3.889922797679901123e-02
3.820993378758430481e-02
3.725263848900794983e-02
3.580225631594657898e-02
3.422798588871955872e-02
3.337429836392402649e-02
3.313327208161354065e-02
3.292513266205787659e-02
3.284291550517082214e-02
3.277047723531723022e-02
3.271233290433883667e-02
3.264429047703742981e-02
3.256062418222427368e-02
3.248520940542221069e-02
3.242087736725807190e-02
3.236374258995056152e-02
3.229429945349693298e-02
3.217485174536705017e-02
3.203776851296424866e-02
3.183655813336372375e-02
3.164392337203025818e-02
3.129731491208076477e-02
3.097265772521495819e-02
3.067622147500514984e-02
3.046574071049690247e-02
3.012051247060298920e-02
2.987544983625411987e-02
2.965128608047962189e-02
2.949482761323451996e-02
2.922821417450904846e-02
2.892849966883659363e-02
2.871407009661197662e-02
2.852881699800491333e-02
2.822832949459552765e-02
2.796831540763378143e-02
2.762847766280174255e-02
2.744703926146030426e-02
2.732221223413944244e-02
2.725575119256973267e-02
2.720270119607448578e-02
2.712960541248321533e-02
2.704278007149696350e-02
2.696323581039905548e-02
2.687058597803115845e-02
2.676594257354736328e-02
2.661365270614624023e-02
2.652092836797237396e-02
2.636021934449672699e-02
2.612950466573238373e-02
2.588549628853797913e-02
2.579188346862792969e-02
2.572645619511604309e-02
2.565208822488784790e-02
2.558624744415283203e-02
2.549969963729381561e-02
2.543964609503746033e-02
2.539804391562938690e-02
2.535790391266345978e-02
2.532005496323108673e-02
2.527282387018203735e-02
2.520848996937274933e-02
2.509640716016292572e-02
2.491953037679195404e-02
2.466696500778198242e-02
2.454897016286849976e-02
2.445125207304954529e-02
2.436677925288677216e-02
2.421873621642589569e-02
2.401926182210445404e-02
2.416996657848358154e-02
2.384106069803237915e-02
2.351337857544422150e-02
2.341120876371860504e-02
2.333649247884750366e-02
2.322417125105857849e-02
2.300081774592399597e-02
2.284523658454418182e-02
2.275126241147518158e-02
2.259903214871883392e-02
2.240638248622417450e-02
2.219711989164352417e-02
2.204425260424613953e-02
2.194370515644550323e-02
2.184200286865234375e-02
2.174328081309795380e-02
2.166541852056980133e-02
2.158532664179801941e-02
2.147171460092067719e-02
2.132800593972206116e-02
2.116852067410945892e-02
2.105618081986904144e-02
2.092624828219413757e-02
2.082391083240509033e-02
2.070699073374271393e-02
2.058139629662036896e-02
2.043684944510459900e-02
2.036754786968231201e-02
2.031409367918968201e-02
2.022505365312099457e-02
2.015705220401287079e-02
2.006086334586143494e-02
1.998621039092540741e-02
1.994408108294010162e-02
1.990645006299018860e-02
1.986703462898731232e-02
1.979685015976428986e-02
1.971215754747390747e-02
1.956400461494922638e-02
1.937554962933063507e-02
1.910958439111709595e-02
1.907247491180896759e-02
1.899234950542449951e-02
1.888856478035449982e-02
1.863911375403404236e-02
1.828072778880596161e-02
1.781412772834300995e-02
3.245542198419570923e-02
1.751383952796459198e-02
1.725066080689430237e-02
1.645089685916900635e-02
1.568501256406307220e-02
1.510667428374290466e-02
1.458403840661048889e-02
1.432493980973958969e-02
1.425139792263507843e-02
1.419432926923036575e-02
1.413605082780122757e-02
1.404794212430715561e-02
1.393178850412368774e-02
1.381881441920995712e-02
1.373229641467332840e-02
1.366347074508666992e-02
1.359398104250431061e-02
1.352975051850080490e-02
1.347876060754060745e-02
1.342871878296136856e-02
1.336938329041004181e-02
1.328995544463396072e-02
1.317445375025272369e-02
1.298772729933261871e-02
1.260467898100614548e-02
1.184769440442323685e-02
1.161246281117200851e-02
1.122925896197557449e-02
1.036893390119075775e-02
9.449154138565063477e-03
8.381194435060024261e-03
7.629930507391691208e-03
7.192988879978656769e-03
6.145237479358911514e-03
5.698010791093111038e-03
5.244082305580377579e-03
4.891307093203067780e-03
4.335055593401193619e-03
3.861637786030769348e-03
3.629843471571803093e-03
3.506710287183523178e-03
3.356058150529861450e-03
3.240966470912098885e-03
3.111657453700900078e-03
2.928626723587512970e-03
2.634742064401507378e-03
2.271805889904499054e-03
1.860162708908319473e-03
1.185201224870979786e-03
3.174012817908078432e-04
-6.073468830436468124e-04
-1.243346836417913437e-03
-1.062312279827892780e-03
-1.875261776149272919e-03
-2.480005845427513123e-03
-3.379142144694924355e-03
-4.597549792379140854e-03
-5.566997453570365906e-03
-6.146581843495368958e-03
-6.762171164155006409e-03
2.430196618661284447e-03
-7.633341941982507706e-03
-8.182454854249954224e-03
-8.776134811341762543e-03
-1.020371913909912109e-02
2.314205840229988098e-02
-1.060696598142385483e-02
-1.162128243595361710e-02
-1.288191974163055420e-02
-1.446766220033168793e-02
-1.323479134589433670e-02
-1.501704938709735870e-02
-1.538067217916250229e-02
-1.578899845480918884e-02
-1.629676111042499542e-02
-1.668811403214931488e-02
-1.717341877520084381e-02
-1.754402741789817810e-02
-1.822515390813350677e-02
-1.872766762971878052e-02
-1.954195834696292877e-02
-1.976323686540126801e-02
-1.993429660797119141e-02
-2.013104781508445740e-02
-2.029810287058353424e-02
-2.040311321616172791e-02
-2.049569599330425262e-02
-2.057513222098350525e-02
-2.063634060323238373e-02
-2.071724273264408112e-02
-2.085119858384132385e-02
-2.106556296348571777e-02
-2.139015123248100281e-02
-2.182662673294544220e-02
-2.226841636002063751e-02
-2.283687889575958252e-02
-2.337415330111980438e-02
-2.410405687987804413e-02
-2.467712201178073883e-02
-2.512116357684135437e-02
-2.554528973996639252e-02
-2.605972997844219208e-02
-2.679716795682907104e-02
-2.788271009922027588e-02
-2.890036068856716156e-02
-3.036781400442123413e-02
-3.138093277812004089e-02
-3.132756426930427551e-02
-3.169280290603637695e-02
-3.210675716400146484e-02
-3.257225081324577332e-02
-3.309449926018714905e-02
-3.372748196125030518e-02
-3.446004539728164673e-02
-3.485005721449851990e-02
-3.522694483399391174e-02
-3.532448038458824158e-02
-3.566209971904754639e-02
-3.603181615471839905e-02
-3.653721138834953308e-02
-3.742139786481857300e-02
-3.898259252309799194e-02
-4.034411162137985229e-02
-4.109965264797210693e-02
-4.061649367213249207e-02
-4.248598963022232056e-02
-4.309065267443656921e-02
-4.327535629272460938e-02
-4.346643388271331787e-02
-4.371115565299987793e-02
-4.403344169259071350e-02
-4.449842497706413269e-02
-4.495701193809509277e-02
-4.541404545307159424e-02
-4.578836634755134583e-02
-4.619602859020233154e-02
-4.650487005710601807e-02
-4.676759615540504456e-02
-4.701551049947738647e-02
-4.740761220455169678e-02
-4.771185293793678284e-02
-4.803958162665367126e-02
-4.840454086661338806e-02
-4.900602996349334717e-02
-4.965437576174736023e-02
-5.036633461713790894e-02
-5.104102566838264465e-02
-5.029064416885375977e-02
-5.143270269036293030e-02
-5.177363380789756775e-02
-5.217846482992172241e-02
-5.257207527756690979e-02
-5.299475789070129395e-02
-5.328388884663581848e-02
-5.351786687970161438e-02
-5.366658046841621399e-02
-5.372938141226768494e-02
-5.384118854999542236e-02
-5.398236215114593506e-02
-5.416920781135559082e-02
-5.439532920718193054e-02
-5.489924177527427673e-02
-5.493981018662452698e-02
-5.530079454183578491e-02
-5.609016865491867065e-02
-5.707398056983947754e-02
-5.815460160374641418e-02
-5.891408026218414307e-02
-5.920833721756935120e-02
-5.946345999836921692e-02
-5.968050658702850342e-02
-5.993016809225082397e-02
-6.027534231543540955e-02
-6.074587628245353699e-02
-6.136277318000793457e-02
-6.199921295046806335e-02
-6.278569996356964111e-02
-6.336240470409393311e-02
-6.409022212028503418e-02
-6.485898792743682861e-02
-6.615459918975830078e-02
-6.644167751073837280e-02
-6.728177517652511597e-02
-6.904396414756774902e-02
-7.042717188596725464e-02
-7.189427316188812256e-02
-7.327355444431304932e-02
-7.423611730337142944e-02
-7.524906098842620850e-02
-7.634913176298141479e-02
-7.758601754903793335e-02
-7.884655892848968506e-02
-8.013423532247543335e-02
-8.093498647212982178e-02
-8.245441317558288574e-02
-8.354643732309341431e-02
-8.484259992837905884e-02
-8.577258139848709106e-02
-8.642496913671493530e-02
-8.718320727348327637e-02
-8.773423731327056885e-02
-8.858135342597961426e-02
-8.918860554695129395e-02
-8.965466916561126709e-02
-9.023690968751907349e-02
-9.079441428184509277e-02
-9.119178354740142822e-02
-9.178222715854644775e-02
-9.273387491703033447e-02
-9.366644173860549927e-02
-9.453152865171432495e-02
-9.554869681596755981e-02
-9.662176668643951416e-02
-9.774229675531387329e-02
-9.928294271230697632e-02
-1.011083275079727173e-01
-1.034007370471954346e-01
-1.061372905969619751e-01
-1.084623187780380249e-01
-1.108565628528594971e-01
-1.132728159427642822e-01
-1.166778281331062317e-01
-1.164720505475997925e-01
-1.173945814371109009e-01
-1.185788959264755249e-01
-1.201400980353355408e-01
-1.217115595936775208e-01
-1.234911903738975525e-01
-1.250967681407928467e-01
-1.260388344526290894e-01
-1.268317401409149170e-01
-1.272306740283966064e-01
-1.276943385601043701e-01
-1.281698644161224365e-01
-1.286909729242324829e-01
-1.291931122541427612e-01
-1.299743652343750000e-01
-1.306001543998718262e-01
-1.311492472887039185e-01
-1.319414079189300537e-01
-1.322507411241531372e-01
-1.324453502893447876e-01
-1.326663643121719360e-01
-1.329197138547897339e-01
-1.332903355360031128e-01
-1.336766183376312256e-01
-1.339367777109146118e-01
-1.342720836400985718e-01
-1.346257776021957397e-01
-1.350671648979187012e-01
-1.357300281524658203e-01
-1.367445439100265503e-01
-1.383277028799057007e-01
-1.405998915433883667e-01
-1.429965049028396606e-01
-1.450530588626861572e-01
-1.458898782730102539e-01
-1.479747295379638672e-01
-1.487662345170974731e-01
-1.493700593709945679e-01
-1.499615460634231567e-01
-1.503146886825561523e-01
-1.506278812885284424e-01
-1.509711593389511108e-01
-1.513230055570602417e-01
-1.516712009906768799e-01
-1.520183980464935303e-01
-1.523174196481704712e-01
-1.524947136640548706e-01
-1.526951491832733154e-01
-1.529388874769210815e-01
-1.531634330749511719e-01
-1.534337550401687622e-01
-1.537507921457290649e-01
-1.541802436113357544e-01
-1.547547727823257446e-01
-1.552878022193908691e-01
-1.557218432426452637e-01
-1.560024768114089966e-01
-1.562422215938568115e-01
-1.565378606319427490e-01
-1.568930447101593018e-01
-1.572242230176925659e-01
-1.575497984886169434e-01
-1.579063087701797485e-01
-1.582557708024978638e-01
-1.584829688072204590e-01
-1.588302701711654663e-01
-1.591495573520660400e-01
-1.595271080732345581e-01
-1.598275303840637207e-01
-1.601247191429138184e-01
-1.603142172098159790e-01
-1.604467779397964478e-01
-1.605189591646194458e-01
-1.605625748634338379e-01
-1.606440246105194092e-01
-1.607149690389633179e-01
-1.608141064643859863e-01
-1.609921306371688843e-01
-1.613277196884155273e-01
-1.619473099708557129e-01
-1.616404354572296143e-01
-1.622450947761535645e-01
-1.629630327224731445e-01
-1.640637516975402832e-01
-1.651375144720077515e-01
-1.654028445482254028e-01
-1.658911257982254028e-01
-1.669415831565856934e-01
-1.675988286733627319e-01
-1.680948287248611450e-01
-1.685718744993209839e-01
-1.689418256282806396e-01
-1.692709922790527344e-01
-1.697804331779479980e-01
-1.702592223882675171e-01
-1.706148535013198853e-01
-1.708842515945434570e-01
-1.710780411958694458e-01
-1.711960881948471069e-01
-1.713176220655441284e-01
-1.714268177747726440e-01
-1.715155988931655884e-01
-1.716055124998092651e-01
-1.717076450586318970e-01
-1.718291938304901123e-01
-1.719446480274200439e-01
-1.720703840255737305e-01
-1.721865087747573853e-01
-1.723321527242660522e-01
-1.725623309612274170e-01
-1.730255633592605591e-01
-1.735068112611770630e-01
-1.738372594118118286e-01
-1.740122437477111816e-01
-1.742337644100189209e-01
-1.743104010820388794e-01
-1.743918806314468384e-01
-1.744697839021682739e-01
-1.745462715625762939e-01
-1.746316701173782349e-01
-1.747374087572097778e-01
-1.748768985271453857e-01
-1.750445514917373657e-01
-1.752453297376632690e-01
-1.753743886947631836e-01
-1.754884123802185059e-01
-1.755572110414505005e-01
-1.756123602390289307e-01
-1.756592243909835815e-01
-1.756900548934936523e-01
-1.757187247276306152e-01
-1.757697910070419312e-01
-1.758369505405426025e-01
-1.759234219789505005e-01
-1.760337054729461670e-01
-1.761942654848098755e-01
-1.764544099569320679e-01
-1.768138259649276733e-01
-1.768672019243240356e-01
-1.770168989896774292e-01
-1.773954927921295166e-01
-1.776791363954544067e-01
-1.783126145601272583e-01
-1.784158498048782349e-01
-1.786954104900360107e-01
-1.788463741540908813e-01
-1.789216101169586182e-01
-1.790517270565032959e-01
-1.791759133338928223e-01
-1.793109327554702759e-01
-1.795030385255813599e-01
-1.796921044588088989e-01
-1.798264086246490479e-01
-1.799262613058090210e-01
-1.800002157688140869e-01
-1.800633519887924194e-01
-1.801149994134902954e-01
-1.801423877477645874e-01
-1.801628172397613525e-01
-1.801822930574417114e-01
-1.802154183387756348e-01
-1.802976280450820923e-01
-1.804325580596923828e-01
-1.806709915399551392e-01
-1.810043156147003174e-01
-1.817092448472976685e-01
-1.825187206268310547e-01
-1.830607950687408447e-01
-1.834847331047058105e-01
-1.844991743564605713e-01
-1.855154335498809814e-01
-1.860921382904052734e-01
-1.864692270755767822e-01
-1.866905391216278076e-01
-1.871311068534851074e-01
-1.873651295900344849e-01
-1.875862628221511841e-01
-1.877437084913253784e-01
-1.878285855054855347e-01
-1.878988444805145264e-01
-1.879674345254898071e-01
-1.880365908145904541e-01
-1.880979090929031372e-01
-1.881559044122695923e-01
-1.882176399230957031e-01
-1.883023679256439209e-01
-1.884227097034454346e-01
-1.886171102523803711e-01
-1.888627111911773682e-01
-1.891726106405258179e-01
-1.893969178199768066e-01
-1.897214204072952271e-01
-1.899808198213577271e-01
-1.903025060892105103e-01
-1.905272305011749268e-01
-1.906851828098297119e-01
-1.907531321048736572e-01
-1.907912492752075195e-01
-1.908562779426574707e-01
-1.909406036138534546e-01
-1.910399347543716431e-01
-1.911953836679458618e-01
-1.912752687931060791e-01
-1.914484053850173950e-01
-1.916252374649047852e-01
-1.919007152318954468e-01
-1.905031055212020874e-01
-1.920335739850997925e-01
-1.922152787446975708e-01
-1.926060616970062256e-01
-1.932982206344604492e-01
-1.865731477737426758e-01
-1.936435997486114502e-01
-1.939380764961242676e-01
-1.945627927780151367e-01
-1.949588507413864136e-01
-1.950455605983734131e-01
-1.953372210264205933e-01
-1.957883387804031372e-01
-1.965518146753311157e-01
-1.972805857658386230e-01
-1.977554559707641602e-01
-1.986705958843231201e-01
-1.982189118862152100e-01
-1.990680396556854248e-01
-1.995704472064971924e-01
-2.003822773694992065e-01
-2.007006704807281494e-01
-2.011329680681228638e-01
-2.013083547353744507e-01
-2.015966773033142090e-01
-2.018059492111206055e-01
-2.019768655300140381e-01
-2.021817415952682495e-01
-2.023927122354507446e-01
-2.026740163564682007e-01
-2.030343711376190186e-01
-2.038637697696685791e-01
-2.041700631380081177e-01
-2.047084271907806396e-01
-2.052022516727447510e-01
-2.057754099369049072e-01
-2.061800062656402588e-01
-2.065942138433456421e-01
-2.069388329982757568e-01
-2.071414440870285034e-01
-2.073478996753692627e-01
-2.074604034423828125e-01
-2.075960785150527954e-01
-2.076893895864486694e-01
-2.077895104885101318e-01
-2.078841179609298706e-01
-2.079657614231109619e-01
-2.080417424440383911e-01
-2.081155925989151001e-01
-2.082608342170715332e-01
-2.084577828645706177e-01
-2.086328864097595215e-01
-2.087929546833038330e-01
-2.089356184005737305e-01
-2.091285884380340576e-01
-2.094303667545318604e-01
-2.098425775766372681e-01
-2.104265242815017700e-01
-2.112207710742950439e-01
-2.119611501693725586e-01
-2.126887142658233643e-01
-2.128610163927078247e-01
-2.130635380744934082e-01
-2.131974995136260986e-01
-2.132724374532699585e-01
-2.133278548717498779e-01
-2.134045660495758057e-01
-2.135013490915298462e-01
-2.136411517858505249e-01
-2.138378918170928955e-01
-2.141009569168090820e-01
-2.143247425556182861e-01
-2.145134657621383667e-01
-2.146512269973754883e-01
-2.147553712129592896e-01
-2.148498594760894775e-01
-2.149534225463867188e-01
-2.150602787733078003e-01
-2.151653319597244263e-01
-2.152591049671173096e-01
-2.153287529945373535e-01
-2.154132574796676636e-01
-2.155256569385528564e-01
-2.157194614410400391e-01
-2.159967273473739624e-01
-2.163382470607757568e-01
-2.168154567480087280e-01
-2.173330187797546387e-01
-2.178677320480346680e-01
-2.191727459430694580e-01
-2.172097265720367432e-01
-2.196390777826309204e-01
-2.202354073524475098e-01
-2.215742915868759155e-01
-2.223015427589416504e-01
-2.232093960046768188e-01
-2.230928689241409302e-01
-2.234903275966644287e-01
-2.246121615171432495e-01
-2.252808958292007446e-01
-2.262840867042541504e-01
-2.274910956621170044e-01
-2.282966673374176025e-01
-2.288708537817001343e-01
-2.301162183284759521e-01
-2.308857142925262451e-01
-2.313610464334487915e-01
-2.318328619003295898e-01
-2.322048991918563843e-01
-2.327341586351394653e-01
-2.330868393182754517e-01
-2.335632294416427612e-01
-2.340303659439086914e-01
-2.347928434610366821e-01
-2.353945523500442505e-01
-2.355163097381591797e-01
-2.357840090990066528e-01
-2.362089157104492188e-01
-2.365171313285827637e-01
-2.369695901870727539e-01
-2.372436523437500000e-01
-2.374322861433029175e-01
-2.376236766576766968e-01
-2.378679811954498291e-01
-2.382231950759887695e-01
-2.387546002864837646e-01
-2.395376712083816528e-01
-2.400882244110107422e-01
-2.406520992517471313e-01
-2.409786731004714966e-01
-2.415511012077331543e-01
-2.423808127641677856e-01
-2.432294636964797974e-01
-2.443743199110031128e-01
-2.450182735919952393e-01
-2.457628250122070312e-01
-2.461037486791610718e-01
-2.463594824075698853e-01
-2.465302497148513794e-01
-2.466990649700164795e-01
-2.469160258769989014e-01
-2.471488267183303833e-01
-2.474242150783538818e-01
-2.477303594350814819e-01
-2.480200529098510742e-01
-2.483603358268737793e-01
-2.487419992685317993e-01
-2.494285553693771362e-01
-2.503968477249145508e-01
-2.517216205596923828e-01
-2.532307505607604980e-01
-2.532025575637817383e-01
-2.546260058879852295e-01
-2.563318908214569092e-01
-2.584775984287261963e-01
-2.597744762897491455e-01
-2.608416676521301270e-01
-2.611818611621856689e-01
-2.614543735980987549e-01
-2.619804441928863525e-01
-2.626081705093383789e-01
-2.636055350303649902e-01
-2.648599445819854736e-01
-2.662060260772705078e-01
-2.673287689685821533e-01
-2.678744792938232422e-01
-2.683694362640380859e-01
-2.687894701957702637e-01
-2.692030072212219238e-01
-2.700334191322326660e-01
-2.706958949565887451e-01
-2.713507115840911865e-01
-2.720929682254791260e-01
-2.733033001422882080e-01
-2.741293311119079590e-01
-2.753223776817321777e-01
-2.762255966663360596e-01
-2.765335142612457275e-01
-2.768746614456176758e-01
-2.771758437156677246e-01
-2.777533233165740967e-01
-2.783226668834686279e-01
-2.790794968605041504e-01
-2.798784375190734863e-01
-2.804324626922607422e-01
-2.809416055679321289e-01
-2.814905941486358643e-01
-2.818601131439208984e-01
-2.821692526340484619e-01
-2.825584113597869873e-01
-2.830764949321746826e-01
-2.836299538612365723e-01
-2.843341529369354248e-01
-2.853319048881530762e-01
-2.866318821907043457e-01
-2.881559431552886963e-01
-2.897424697875976562e-01
-2.912158668041229248e-01
-2.927539944648742676e-01
-2.941540479660034180e-01
-2.920067906379699707e-01
-2.947652339935302734e-01
-2.955305874347686768e-01
-2.957817316055297852e-01
-2.959305942058563232e-01
-2.960789501667022705e-01
-2.962725758552551270e-01
-2.965388894081115723e-01
-2.969071865081787109e-01
-2.972939908504486084e-01
-2.976666986942291260e-01
-2.980125546455383301e-01
-2.983669638633728027e-01
-2.990384995937347412e-01
-2.995744347572326660e-01
-3.000882565975189209e-01
-3.008783161640167236e-01
-3.019692599773406982e-01
-3.028014600276947021e-01
-3.038291335105895996e-01
-3.048810064792633057e-01
-3.071740567684173584e-01
-3.089330494403839111e-01
-3.105430603027343750e-01
-3.100832402706146240e-01
-3.110028207302093506e-01
-3.118115365505218506e-01
-3.122785389423370361e-01
-3.129878044128417969e-01
-3.136842250823974609e-01
-3.144915103912353516e-01
-3.153198957443237305e-01
-3.159473240375518799e-01
-3.162079751491546631e-01
-3.164524734020233154e-01
-3.167846202850341797e-01
-3.172381222248077393e-01
-3.178528249263763428e-01
-3.186015784740447998e-01
-3.195056617259979248e-01
-3.202129602432250977e-01
-3.209628462791442871e-01
-3.221257030963897705e-01
-3.232775330543518066e-01
-3.239266276359558105e-01
-3.248163163661956787e-01
-3.254148960113525391e-01
-3.259007632732391357e-01
-3.264401853084564209e-01
-3.270263969898223877e-01
-3.277306258678436279e-01
-3.284536302089691162e-01
-3.292792141437530518e-01
-3.302805423736572266e-01
-3.311194479465484619e-01
-3.316324353218078613e-01
-3.321616947650909424e-01
-3.328681588172912598e-01
-3.334383070468902588e-01
-3.339958786964416504e-01
-3.345321416854858398e-01
-3.349521756172180176e-01
-3.353085517883300781e-01
-3.356456160545349121e-01
-3.363641798496246338e-01
-3.368671834468841553e-01
-3.372687697410583496e-01
-3.375947177410125732e-01
-3.379140496253967285e-01
-3.383433818817138672e-01
-3.387241959571838379e-01
-3.391194939613342285e-01
-3.393030166625976562e-01
-3.396563231945037842e-01
-3.401084244251251221e-01
-3.406319320201873779e-01
-3.413232564926147461e-01
-3.419919908046722412e-01
-3.425740897655487061e-01
-3.429864645004272461e-01
-3.432937264442443848e-01
-3.437585830688476562e-01
-3.441289663314819336e-01
-3.445512950420379639e-01
-3.448775112628936768e-01
-3.451489806175231934e-01
-3.454508483409881592e-01
-3.458025753498077393e-01
-3.461672067642211914e-01
-3.465122282505035400e-01
-3.469733595848083496e-01
-3.474993705749511719e-01
-3.482438325881958008e-01
-3.490574657917022705e-01
-3.501231372356414795e-01
-3.513669669628143311e-01
-3.522113859653472900e-01
-3.527476489543914795e-01
-3.531096577644348145e-01
-3.534193634986877441e-01
-3.535998761653900146e-01
-3.539473414421081543e-01
-3.544418513774871826e-01
-3.549391329288482666e-01
-3.553901910781860352e-01
-3.557268381118774414e-01
-3.560684621334075928e-01
-3.564992547035217285e-01
-3.567786514759063721e-01
-3.571687638759613037e-01
-3.575010597705841064e-01
-3.581210970878601074e-01
-3.591351509094238281e-01
-3.606217801570892334e-01
-3.616307079792022705e-01
-3.613566458225250244e-01
-3.623850047588348389e-01
-3.633125126361846924e-01
-3.646680712699890137e-01
-3.660659492015838623e-01
-3.669125735759735107e-01
-3.683946132659912109e-01
-3.689897656440734863e-01
-3.696720302104949951e-01
-3.701509237289428711e-01
-3.703775107860565186e-01
-3.707912862300872803e-01
-3.711023926734924316e-01
-3.715733587741851807e-01
-3.720644712448120117e-01
-3.725128769874572754e-01
-3.728743791580200195e-01
-3.731317818164825439e-01
-3.733524382114410400e-01
-3.734801709651947021e-01
-3.736074268817901611e-01
-3.737654089927673340e-01
-3.740326464176177979e-01
-3.743429780006408691e-01
-3.747205138206481934e-01
-3.752966821193695068e-01
-3.761053383350372314e-01
-3.770881891250610352e-01
-3.778561353683471680e-01
-3.784511983394622803e-01
-3.791295886039733887e-01
-3.797679245471954346e-01
-3.801916539669036865e-01
-3.805366456508636475e-01
-3.808170855045318604e-01
-3.811666071414947510e-01
-3.815695047378540039e-01
-3.821600675582885742e-01
-3.824887573719024658e-01
-3.828396499156951904e-01
-3.830844163894653320e-01
-3.832430541515350342e-01
-3.833163976669311523e-01
-3.833928406238555908e-01
-3.835443258285522461e-01
-3.837206363677978516e-01
-3.840218782424926758e-01
-3.844327926635742188e-01
-3.850085437297821045e-01
-3.856626451015472412e-01
-3.862287104129791260e-01
-3.869941532611846924e-01
-3.877127170562744141e-01
-3.886576890945434570e-01
-3.890761137008666992e-01
-3.893492221832275391e-01
-3.894865810871124268e-01
-3.896073400974273682e-01
-3.898332417011260986e-01
-3.901917040348052979e-01
-3.905256390571594238e-01
-3.909246325492858887e-01
-3.913418948650360107e-01
-3.918513357639312744e-01
-3.924150466918945312e-01
-3.927485346794128418e-01
-3.929890096187591553e-01
-3.934639692306518555e-01
-3.946395516395568848e-01
-3.952355086803436279e-01
-3.956761360168457031e-01
-3.963121473789215088e-01
-3.968037366867065430e-01
-3.973472416400909424e-01
-3.979856073856353760e-01
-3.987085521221160889e-01
-3.993846476078033447e-01
-4.001210927963256836e-01
-4.006606340408325195e-01
-4.010668396949768066e-01
-4.015794694423675537e-01
-4.018640220165252686e-01
-4.022922515869140625e-01
-4.028069972991943359e-01
-4.037589728832244873e-01
-4.047628641128540039e-01
-4.057789146900177002e-01
-4.063284993171691895e-01
-4.076199829578399658e-01
-4.090458452701568604e-01
-4.105522930622100830e-01
-4.120247960090637207e-01
-4.126785695552825928e-01
-4.131349027156829834e-01
-4.134909212589263916e-01
-4.135802090167999268e-01
-4.138129949569702148e-01
-4.140909910202026367e-01
-4.143121838569641113e-01
-4.145542383193969727e-01
-4.148259758949279785e-01
-4.151025414466857910e-01
-4.153904318809509277e-01
-4.158771336078643799e-01
-4.164326190948486328e-01
-4.170638024806976318e-01
-4.180383384227752686e-01
-4.192103445529937744e-01
-4.201453030109405518e-01
-4.194569885730743408e-01
-4.205319583415985107e-01
-4.209550023078918457e-01
-4.215628206729888916e-01
-4.228393435478210449e-01
-4.241108000278472900e-01
-4.256187975406646729e-01
-4.269796609878540039e-01
-3.170839250087738037e-01
-4.275286197662353516e-01
-4.282893538475036621e-01
-4.293498098850250244e-01
-4.303894937038421631e-01
-4.311442673206329346e-01
-4.323674440383911133e-01
-4.329828023910522461e-01
-4.335235059261322021e-01
-4.340559542179107666e-01
-4.344605505466461182e-01
-4.348499476909637451e-01
-4.352689385414123535e-01
-4.357591867446899414e-01
-4.366500675678253174e-01
-4.381264448165893555e-01
-4.393139481544494629e-01
-4.401754438877105713e-01
-4.409517645835876465e-01
-4.417659342288970947e-01
-4.425154626369476318e-01
-4.431132078170776367e-01
-4.435281455516815186e-01
-4.439229667186737061e-01
-4.444110095500946045e-01
-4.449622631072998047e-01
-4.455995857715606689e-01
-4.466094970703125000e-01
-4.476161003112792969e-01
-4.487628340721130371e-01
-4.501775205135345459e-01
-4.512390196323394775e-01
-4.531962871551513672e-01
-4.550539851188659668e-01
-4.573764801025390625e-01
-4.588896334171295166e-01
-4.611261487007141113e-01
-4.629301726818084717e-01
-4.644649028778076172e-01
-4.658264517784118652e-01
-4.679210782051086426e-01
-4.711906015872955322e-01
-4.741572439670562744e-01
-4.774827659130096436e-01
-4.717856645584106445e-01
-4.812600016593933105e-01
-4.708774983882904053e-01
-4.839031696319580078e-01
-4.887939989566802979e-01
-4.884250462055206299e-01
-4.907666742801666260e-01
-4.942584037780761719e-01
-4.959634244441986084e-01
-4.979353547096252441e-01
-4.967818856239318848e-01
-4.991291761398315430e-01
-5.001254081726074219e-01
-5.009832382202148438e-01
-5.016589164733886719e-01
-5.021948218345642090e-01
-5.025925636291503906e-01
-5.028834342956542969e-01
-5.031269192695617676e-01
-5.033202171325683594e-01
-5.035178065299987793e-01
-5.036591291427612305e-01
-5.039769411087036133e-01
-5.044628977775573730e-01
-5.050434470176696777e-01
-5.057837367057800293e-01
-5.067437887191772461e-01
-5.077275633811950684e-01
-5.088593959808349609e-01
-5.094847083091735840e-01
-5.103546977043151855e-01
-5.106810927391052246e-01
-5.109566450119018555e-01
-5.112043619155883789e-01
-5.115709304809570312e-01
-5.120873451232910156e-01
-5.126849412918090820e-01
-5.133401155471801758e-01
-5.136860013008117676e-01
-5.142370462417602539e-01
-5.146734118461608887e-01
-5.149780511856079102e-01
-5.153886675834655762e-01
-5.159627199172973633e-01
-5.168734192848205566e-01
-5.176992416381835938e-01
-5.186988115310668945e-01
-5.196553468704223633e-01
-5.211935639381408691e-01
-5.228948593139648438e-01
-5.244355201721191406e-01
-5.259172320365905762e-01
-5.272493362426757812e-01
-5.283478498458862305e-01
-5.295092463493347168e-01
-5.303410887718200684e-01
-5.310329198837280273e-01
-5.315620899200439453e-01
-5.318629741668701172e-01
-5.322210192680358887e-01
-5.325292944908142090e-01
-5.328406691551208496e-01
-5.332117676734924316e-01
-5.335706472396850586e-01
-5.339348912239074707e-01
-5.342500209808349609e-01
-5.345675349235534668e-01
-5.350197553634643555e-01
-5.356320738792419434e-01
-5.362894535064697266e-01
-5.369423031806945801e-01
-5.376594662666320801e-01
-5.383774638175964355e-01
-5.390052795410156250e-01
-5.394454002380371094e-01
-5.397963523864746094e-01
-5.400636792182922363e-01
-5.402947068214416504e-01
-5.404477119445800781e-01
-5.405721068382263184e-01
-5.407634377479553223e-01
-5.410447716712951660e-01
-5.413705706596374512e-01
-5.417404770851135254e-01
-5.421701669692993164e-01
-5.426410436630249023e-01
-5.431849360466003418e-01
-5.438039898872375488e-01
-5.444280505180358887e-01
-5.450868606567382812e-01
-5.455465912818908691e-01
-5.458992123603820801e-01
-5.461675524711608887e-01
-5.464007258415222168e-01
-5.465495586395263672e-01
-5.467394590377807617e-01
-5.468900203704833984e-01
-5.470594763755798340e-01
-5.472419857978820801e-01
-5.474466681480407715e-01
-5.476651787757873535e-01
-5.479137301445007324e-01
-5.482399463653564453e-01
-5.485482811927795410e-01
-5.488969683647155762e-01
-5.492930412292480469e-01
-5.497565865516662598e-01
-5.502979755401611328e-01
-5.507273674011230469e-01
-5.511372089385986328e-01
-5.518431067466735840e-01
-5.520184040069580078e-01
-5.521464347839355469e-01
-5.524612665176391602e-01
-5.526527762413024902e-01
-5.530310273170471191e-01
-5.533043146133422852e-01
-5.536007881164550781e-01
-5.539263486862182617e-01
-5.541793704032897949e-01
-5.546092987060546875e-01
-5.551491379737854004e-01
-5.556479692459106445e-01
-5.562351346015930176e-01
-5.568917989730834961e-01
-5.576605796813964844e-01
-5.585151314735412598e-01
-5.593416094779968262e-01
-5.601708889007568359e-01
-5.594967603683471680e-01
-5.606738328933715820e-01
-5.615090727806091309e-01
-5.628583431243896484e-01
-5.641847252845764160e-01
-5.657176971435546875e-01
-5.672497749328613281e-01
-5.679693222045898438e-01
-5.686649680137634277e-01
-5.689712762832641602e-01
-5.693042278289794922e-01
-5.695943236351013184e-01
-5.698511004447937012e-01
-5.701833367347717285e-01
-5.707265734672546387e-01
-5.712880492210388184e-01
-5.724632740020751953e-01
-5.735984444618225098e-01
-5.744161605834960938e-01
-5.752385258674621582e-01
-5.760975480079650879e-01
-5.765862464904785156e-01
-5.769774317741394043e-01
-5.775991678237915039e-01
-5.778968334197998047e-01
-5.781894326210021973e-01
-5.783721208572387695e-01
-5.787014365196228027e-01
-5.792365074157714844e-01
-5.795122981071472168e-01
-5.801867842674255371e-01
-5.808104872703552246e-01
-5.815758705139160156e-01
-5.822138786315917969e-01
-5.831083059310913086e-01
-5.837223529815673828e-01
-5.843449831008911133e-01
-5.851610898971557617e-01
-5.866312980651855469e-01
-5.877720713615417480e-01
-5.889433622360229492e-01
-5.898575186729431152e-01
-5.910240411758422852e-01
-5.919258594512939453e-01
-5.926542282104492188e-01
-5.931369066238403320e-01
-5.935502052307128906e-01
-5.939083695411682129e-01
-5.941858291625976562e-01
-5.944412350654602051e-01
-5.946822762489318848e-01
-5.949141383171081543e-01
-5.951535701751708984e-01
-5.954186916351318359e-01
-5.958136320114135742e-01
-5.964145660400390625e-01
-5.971191525459289551e-01
-5.976389050483703613e-01
-5.980573892593383789e-01
-5.983603000640869141e-01
-5.986594557762145996e-01
-5.989091992378234863e-01
-5.991291999816894531e-01
-5.993888378143310547e-01
-5.995965600013732910e-01
-5.997440814971923828e-01
-5.999017953872680664e-01
-6.000721454620361328e-01
-6.002430915832519531e-01
-6.004306077957153320e-01
-6.007781624794006348e-01
-6.013991832733154297e-01
-6.019131541252136230e-01
-6.023619771003723145e-01
-6.027250885963439941e-01
-6.028689146041870117e-01
-6.029735207557678223e-01
-6.030318737030029297e-01
-6.030756235122680664e-01
-6.032168865203857422e-01
-6.033570766448974609e-01
-6.035096645355224609e-01
-6.036966443061828613e-01
-6.039162278175354004e-01
-6.041342020034790039e-01
-6.044030785560607910e-01
-6.045893430709838867e-01
-6.047801971435546875e-01
-6.049002408981323242e-01
-6.049809455871582031e-01
-6.050480008125305176e-01
-6.051347851753234863e-01
-6.052176952362060547e-01
-6.052871346473693848e-01
-6.053503155708312988e-01
-6.053909659385681152e-01
-6.054506897926330566e-01
-6.054981946945190430e-01
-6.055381894111633301e-01
-6.055737733840942383e-01
-6.056085824966430664e-01
-6.056535243988037109e-01
-6.057024598121643066e-01
-6.057968139648437500e-01
-6.059357523918151855e-01
-6.061086654663085938e-01
-6.063299179077148438e-01
-6.066555380821228027e-01
-6.069242954254150391e-01
-6.072461009025573730e-01
-6.074502468109130859e-01
-6.076464653015136719e-01
-6.078494191169738770e-01
-6.082016825675964355e-01
-6.084411740303039551e-01
-6.085913777351379395e-01
-6.087644696235656738e-01
-6.091407537460327148e-01
-6.095473170280456543e-01
-6.098784804344177246e-01
-6.100908517837524414e-01
-6.102782487869262695e-01
-6.104515194892883301e-01
-6.106867194175720215e-01
-6.108776330947875977e-01
-6.110264658927917480e-01
-6.112348437309265137e-01
-6.114625930786132812e-01
-6.116153597831726074e-01
-6.116983890533447266e-01
-6.117587089538574219e-01
-6.118357777595520020e-01
-6.119427680969238281e-01
-6.121313571929931641e-01
-6.123675704002380371e-01
-6.125649809837341309e-01
-6.127945184707641602e-01
-6.130394339561462402e-01
-6.132771372795104980e-01
-6.135349273681640625e-01
-6.139280796051025391e-01
-6.145103573799133301e-01
-6.149125099182128906e-01
-6.153879761695861816e-01
-6.156291365623474121e-01
-6.158813238143920898e-01
-6.159719824790954590e-01
-6.160702109336853027e-01
-6.162285208702087402e-01
-6.164035201072692871e-01
-6.166016459465026855e-01
-6.167884469032287598e-01
-6.169850826263427734e-01
-6.171869039535522461e-01
-6.174272298812866211e-01
-6.176044344902038574e-01
-6.177929639816284180e-01
-6.181551218032836914e-01
-6.188168525695800781e-01
-6.196622252464294434e-01
-6.195508837699890137e-01
-6.201325058937072754e-01
-6.205639839172363281e-01
-6.212843060493469238e-01
-6.216471791267395020e-01
-6.219310760498046875e-01
-6.220741271972656250e-01
-6.221914291381835938e-01
-6.223286390304565430e-01
-6.224721670150756836e-01
-6.226285696029663086e-01
-6.227361559867858887e-01
-6.228356957435607910e-01
-6.229393482208251953e-01
-6.230274438858032227e-01
-6.231074929237365723e-01
-6.232007145881652832e-01
-6.233152151107788086e-01
-6.234490275382995605e-01
-6.236402392387390137e-01
-6.239778399467468262e-01
-6.244493126869201660e-01
-6.249722242355346680e-01
-6.254941225051879883e-01
-6.259461045265197754e-01
-6.262742280960083008e-01
-6.265299916267395020e-01
-6.267358660697937012e-01
-6.269360780715942383e-01
-6.271343827247619629e-01
-6.273314356803894043e-01
-6.275500655174255371e-01
-6.278074979782104492e-01
-6.280703544616699219e-01
-6.282573938369750977e-01
-6.283881664276123047e-01
-6.285122036933898926e-01
-6.286874413490295410e-01
-6.287975907325744629e-01
-6.289973258972167969e-01
-6.291691064834594727e-01
-6.293686628341674805e-01
-6.295228004455566406e-01
-6.298037171363830566e-01
-6.300662755966186523e-01
-6.303607821464538574e-01
-6.304218173027038574e-01
-6.305530071258544922e-01
-6.308077573776245117e-01
-6.309291124343872070e-01
-6.313815116882324219e-01
-6.316267848014831543e-01
-6.318104863166809082e-01
-6.321259140968322754e-01
-6.324040293693542480e-01
-6.329516768455505371e-01
-6.334308981895446777e-01
-6.340997219085693359e-01
-6.349903345108032227e-01
-6.351135969161987305e-01
-6.356586813926696777e-01
-6.354237198829650879e-01
-6.359196305274963379e-01
-6.364125013351440430e-01
-6.365131139755249023e-01
-6.370434165000915527e-01
-6.372539401054382324e-01
-6.374250650405883789e-01
-6.376799941062927246e-01
-6.381794810295104980e-01
-6.387125253677368164e-01
-6.390615105628967285e-01
-6.393838524818420410e-01
-6.396739482879638672e-01
-6.399670243263244629e-01
-6.403072476387023926e-01
-6.406834721565246582e-01
-6.410058140754699707e-01
-6.414383649826049805e-01
-6.418603062629699707e-01
-6.421893835067749023e-01
-6.423700451850891113e-01
-6.425100564956665039e-01
-6.426144838333129883e-01
-6.427140235900878906e-01
-6.428974866867065430e-01
-6.432051062583923340e-01
-6.435183286666870117e-01
-6.438955068588256836e-01
-6.442198753356933594e-01
-6.446455717086791992e-01
-6.451387405395507812e-01
-6.457965970039367676e-01
-6.469416022300720215e-01
-6.473395228385925293e-01
-6.484184265136718750e-01
-6.494783163070678711e-01
-6.504616737365722656e-01
-6.500149965286254883e-01
-6.511725783348083496e-01
-6.519294381141662598e-01
-6.526283621788024902e-01
-6.536654233932495117e-01
-6.543831825256347656e-01
-6.551077365875244141e-01
-6.560303568840026855e-01
-6.566112041473388672e-01
-6.572164297103881836e-01
-6.577115058898925781e-01
-6.581669449806213379e-01
-6.585434675216674805e-01
-6.588538885116577148e-01
-6.591585278511047363e-01
-6.594749093055725098e-01
-6.598315834999084473e-01
-6.602916717529296875e-01
-6.608628034591674805e-01
-6.613367199897766113e-01
-6.616959571838378906e-01
-6.619598269462585449e-01
-6.621971726417541504e-01
-6.625068187713623047e-01
-6.629279851913452148e-01
-6.633746623992919922e-01
-6.636820435523986816e-01
-6.639776229858398438e-01
-6.641234159469604492e-01
-6.642106175422668457e-01
-6.642727851867675781e-01
-6.643292903900146484e-01
-6.643874049186706543e-01
-6.644467711448669434e-01
-6.644927263259887695e-01
-6.645709276199340820e-01
-6.646881103515625000e-01
-6.648583412170410156e-01
-6.650658249855041504e-01
-6.653220057487487793e-01
-6.655648946762084961e-01
-6.658146381378173828e-01
-6.659834384918212891e-01
-6.661344170570373535e-01
-6.662787795066833496e-01
-6.663857698440551758e-01
-6.664608120918273926e-01
-6.665895581245422363e-01
-6.666923165321350098e-01
-6.667675375938415527e-01
-6.668441891670227051e-01
-6.669590473175048828e-01
-6.671282649040222168e-01
-6.674227714538574219e-01
-6.676866412162780762e-01
-6.681470870971679688e-01
-6.686204671859741211e-01
-6.690638661384582520e-01
-6.694784164428710938e-01
-6.696189641952514648e-01
-6.699721217155456543e-01
-6.703941226005554199e-01
-6.707250475883483887e-01
-6.710379719734191895e-01
-6.712546944618225098e-01
-6.714581251144409180e-01
-6.716234683990478516e-01
-6.717765331268310547e-01
-6.718912720680236816e-01
-6.720318198204040527e-01
-6.721735596656799316e-01
-6.723307371139526367e-01
-6.724273562431335449e-01
-6.725401878356933594e-01
-6.726226806640625000e-01
-6.726998090744018555e-01
-6.727699637413024902e-01
-6.728554368019104004e-01
-6.729630231857299805e-01
-6.730943322181701660e-01
-6.731966137886047363e-01
-6.733090281486511230e-01
-6.734187006950378418e-01
-6.734868884086608887e-01
-6.735473275184631348e-01
-6.736159324645996094e-01
-6.736841797828674316e-01
-6.737546920776367188e-01
-6.738359332084655762e-01
-6.739439368247985840e-01
-6.740229129791259766e-01
-6.742575168609619141e-01
-6.744764447212219238e-01
-6.746844649314880371e-01
-6.748939752578735352e-01
-6.751497387886047363e-01
-6.754478812217712402e-01
-6.757683753967285156e-01
-6.762112379074096680e-01
-6.764624118804931641e-01
-6.768286228179931641e-01
-6.770243048667907715e-01
-6.771611571311950684e-01
-6.772518157958984375e-01
-6.773271560668945312e-01
-6.774567961692810059e-01
-6.775844097137451172e-01
-6.776912808418273926e-01
-6.777811646461486816e-01
-6.778509020805358887e-01
-6.779127717018127441e-01
-6.779556274414062500e-01
-6.779987812042236328e-01
-6.780347824096679688e-01
-6.780604720115661621e-01
-6.780961155891418457e-01
-6.781504750251770020e-01
-6.782229542732238770e-01
-6.784204244613647461e-01
-6.787042021751403809e-01
-6.790746450424194336e-01
-6.795253753662109375e-01
-6.795924901962280273e-01
-6.798619627952575684e-01
-6.804629564285278320e-01
-6.815836429595947266e-01
-6.821907162666320801e-01
-6.833382844924926758e-01
-6.838414669036865234e-01
-6.843187808990478516e-01
-6.847569346427917480e-01
-6.850393414497375488e-01
-6.852864027023315430e-01
-6.854429244995117188e-01
-6.855645179748535156e-01
-6.856521964073181152e-01
-6.857513785362243652e-01
-6.858313083648681641e-01
-6.858917474746704102e-01
-6.859485507011413574e-01
-6.860269308090209961e-01
-6.861162781715393066e-01
-6.862018108367919922e-01
-6.863073706626892090e-01
-6.864000558853149414e-01
-6.865282058715820312e-01
-6.866776943206787109e-01
-6.868218183517456055e-01
-6.869760751724243164e-01
-6.871189475059509277e-01
-6.872795224189758301e-01
-6.874381303787231445e-01
-6.875700950622558594e-01
-6.876984238624572754e-01
-6.878312826156616211e-01
-6.879830360412597656e-01
-6.881078481674194336e-01
-6.882252097129821777e-01
-6.884450912475585938e-01
-6.887117028236389160e-01
-6.889421343803405762e-01
-6.891995072364807129e-01
-6.894385218620300293e-01
-6.896629929542541504e-01
-6.898916363716125488e-01
-6.900924444198608398e-01
-6.902962327003479004e-01
-6.904579401016235352e-01
-6.905982494354248047e-01
-6.907208561897277832e-01
-6.908938884735107422e-01
-6.911086440086364746e-01
-6.913508176803588867e-01
-6.915999054908752441e-01
-6.918504238128662109e-01
-6.922006011009216309e-01
-6.926609873771667480e-01
-6.931874752044677734e-01
-6.935728192329406738e-01
-6.944071054458618164e-01
-6.950326561927795410e-01
-6.956419348716735840e-01
-6.960700154304504395e-01
-6.965855956077575684e-01
-6.969677209854125977e-01
-6.971957683563232422e-01
-6.974732875823974609e-01
-6.977868676185607910e-01
-6.979811787605285645e-01
-6.981908082962036133e-01
-6.984528899192810059e-01
-6.987001299858093262e-01
-6.989266276359558105e-01
-6.991424560546875000e-01
-6.992931962013244629e-01
-6.994658708572387695e-01
-6.997441649436950684e-01
-7.001062035560607910e-01
-7.004300951957702637e-01
-7.007594108581542969e-01
-7.009704709053039551e-01
-7.012612819671630859e-01
-7.014734745025634766e-01
-7.015626430511474609e-01
-7.017455697059631348e-01
-7.019667625427246094e-01
-7.025328874588012695e-01
-7.032626867294311523e-01
-7.033923864364624023e-01
-7.037064433097839355e-01
-7.043854594230651855e-01
-7.050809860229492188e-01
-7.055963873863220215e-01
-7.058579921722412109e-01
-7.060806155204772949e-01
-7.062292695045471191e-01
-7.062860727310180664e-01
-7.064825892448425293e-01
-7.066913247108459473e-01
-7.068144083023071289e-01
-7.070065736770629883e-01
-7.072043418884277344e-01
-7.073792219161987305e-01
-7.075637578964233398e-01
-7.077946662902832031e-01
-7.080358266830444336e-01
-7.082190513610839844e-01
-7.083682417869567871e-01
-7.085378170013427734e-01
-7.086806893348693848e-01
-7.088176608085632324e-01
-7.089376449584960938e-01
-7.090641260147094727e-01
-7.091751694679260254e-01
-7.093085646629333496e-01
-7.094272971153259277e-01
-7.095848321914672852e-01
-7.097266316413879395e-01
-7.098726034164428711e-01
-7.100950479507446289e-01
-7.102644443511962891e-01
-7.106259465217590332e-01
-7.110565900802612305e-01
-7.115527987480163574e-01
-7.120497822761535645e-01
-7.126708626747131348e-01
-7.131269574165344238e-01
-7.137354016304016113e-01
-7.149225473403930664e-01
-7.157738208770751953e-01
-7.166247367858886719e-01
-7.172047495841979980e-01
-7.177588343620300293e-01
-7.183727025985717773e-01
-7.195194959640502930e-01
-7.203694581985473633e-01
-7.210055589675903320e-01
-7.214969396591186523e-01
-7.218931913375854492e-01
-7.221531271934509277e-01
-7.222329378128051758e-01
-7.223261594772338867e-01
-7.224317789077758789e-01
-7.225176095962524414e-01
-7.225891947746276855e-01
-7.226963043212890625e-01
-7.228090763092041016e-01
-7.229312062263488770e-01
-7.230725288391113281e-01
-7.232198715209960938e-01
-7.233511209487915039e-01
-7.234896421432495117e-01
-7.236367464065551758e-01
-7.237897515296936035e-01
-7.239692211151123047e-01
-7.241563796997070312e-01
-7.243556380271911621e-01
-7.245323061943054199e-01
-7.247382402420043945e-01
-7.248830199241638184e-01
-7.249843478202819824e-01
-7.250448465347290039e-01
-7.250838279724121094e-01
-7.251337766647338867e-01
-7.251955866813659668e-01
-7.252574563026428223e-01
-7.253169417381286621e-01
-7.254035472869873047e-01
-7.254915237426757812e-01
-7.255852222442626953e-01
-7.256773710250854492e-01
-7.257460951805114746e-01
-7.258009910583496094e-01
-7.258551120758056641e-01
-7.259036302566528320e-01
-7.259583473205566406e-01
-7.260186672210693359e-01
-7.260894775390625000e-01
-7.261772155761718750e-01
-7.262814640998840332e-01
-7.263786196708679199e-01
-7.264741063117980957e-01
-7.265422940254211426e-01
-7.266824245452880859e-01
-7.268651127815246582e-01
-7.270841002464294434e-01
-7.273026108741760254e-01
-7.276880741119384766e-01
-7.280477881431579590e-01
-7.285935282707214355e-01
-7.288188934326171875e-01
-7.290871739387512207e-01
-7.292746305465698242e-01
-7.294671535491943359e-01
-7.295874357223510742e-01
-7.296797037124633789e-01
-7.297652363777160645e-01
-7.298268675804138184e-01
-7.298997044563293457e-01
-7.299824357032775879e-01
-7.300429940223693848e-01
-7.300972342491149902e-01
-7.301482558250427246e-01
-7.301977872848510742e-01
-7.302562594413757324e-01
-7.303158044815063477e-01
-7.303864359855651855e-01
-7.304761409759521484e-01
-7.305634021759033203e-01
-7.306389212608337402e-01
-7.306971549987792969e-01
-7.307412624359130859e-01
-7.307667732238769531e-01
-7.308007478713989258e-01
-7.308322191238403320e-01
-7.308733463287353516e-01
-7.309082746505737305e-01
-7.309415936470031738e-01
-7.309628129005432129e-01
-7.309942841529846191e-01
-7.310152649879455566e-01
-7.310365438461303711e-01
-7.310630679130554199e-01
-7.311002016067504883e-01
-7.311490178108215332e-01
-7.312248945236206055e-01
-7.313349843025207520e-01
-7.314798831939697266e-01
-7.316150069236755371e-01
-7.317214012145996094e-01
-7.318095564842224121e-01
-7.318887710571289062e-01
-7.319594621658325195e-01
-7.320385575294494629e-01
-7.321220636367797852e-01
-7.322198748588562012e-01
-7.322984337806701660e-01
-7.323980927467346191e-01
-7.325370907783508301e-01
-7.327780127525329590e-01
-7.330455780029296875e-01
-7.334114313125610352e-01
-7.337817549705505371e-01
-7.342171072959899902e-01
-7.341855764389038086e-01
-7.345675826072692871e-01
-7.351770997047424316e-01
-7.354993224143981934e-01
-7.358453273773193359e-01
-7.362132668495178223e-01
-7.364706993103027344e-01
-7.368659973144531250e-01
-7.371136546134948730e-01
-7.374417185783386230e-01
-7.377918362617492676e-01
-7.380980253219604492e-01
-7.383069396018981934e-01
-7.384862303733825684e-01
-7.389296293258666992e-01
-7.392511963844299316e-01
-7.397001385688781738e-01
-7.401404380798339844e-01
-7.405778765678405762e-01
-7.407422065734863281e-01
-7.409398555755615234e-01
-7.410774230957031250e-01
-7.411437034606933594e-01
-7.412918210029602051e-01
-7.414988279342651367e-01
-7.416718006134033203e-01
-7.418842911720275879e-01
-7.421417236328125000e-01
-7.423847913742065430e-01
-7.427901625633239746e-01
-7.430714368820190430e-01
-7.433335185050964355e-01
-7.434782981872558594e-01
-7.436236739158630371e-01
-7.437620162963867188e-01
-7.440297007560729980e-01
-7.443472146987915039e-01
-7.445973753929138184e-01
-7.447862029075622559e-01
-7.448844909667968750e-01
-7.450769543647766113e-01
-7.452374696731567383e-01
-7.453806400299072266e-01
-7.454406619071960449e-01
-7.455641627311706543e-01
-7.456258535385131836e-01
-7.456629872322082520e-01
-7.456939816474914551e-01
-7.457088232040405273e-01
-7.457292675971984863e-01
-7.457427978515625000e-01
-7.457667589187622070e-01
-7.457979321479797363e-01
-7.458453774452209473e-01
-7.458797693252563477e-01
-7.459434270858764648e-01
-7.459968924522399902e-01
-7.460401654243469238e-01
-7.460868954658508301e-01
-7.461226582527160645e-01
-7.461519837379455566e-01
-7.461669445037841797e-01
-7.461830377578735352e-01
-7.462050318717956543e-01
-7.462406754493713379e-01
-7.462808489799499512e-01
-7.463370561599731445e-01
-7.463932633399963379e-01
-7.464514970779418945e-01
-7.464833855628967285e-01
-7.465361952781677246e-01
-7.465867400169372559e-01
-7.466276884078979492e-01
-7.466700673103332520e-01
-7.467252612113952637e-01
-7.468000650405883789e-01
-7.469286918640136719e-01
-7.469842433929443359e-01
-7.471584677696228027e-01
-7.473194003105163574e-01
-7.474453449249267578e-01
-7.475436925888061523e-01
-7.476584911346435547e-01
-7.476938366889953613e-01
-7.477441430091857910e-01
-7.478148937225341797e-01
-7.478662729263305664e-01
-7.479184269905090332e-01
-7.479854226112365723e-01
-7.480514049530029297e-01
-7.481783628463745117e-01
-7.483200430870056152e-01
-7.484638094902038574e-01
-7.485897541046142578e-01
-7.487440109252929688e-01
-7.488671541213989258e-01
-7.490260601043701172e-01
-7.493119239807128906e-01
-7.495530247688293457e-01
-7.497904896736145020e-01
-7.499502301216125488e-01
-7.500854730606079102e-01
-7.501642704010009766e-01
-7.502545118331909180e-01
-7.503135204315185547e-01
-7.503634095191955566e-01
-7.503970265388488770e-01
-7.504369020462036133e-01
-7.504745125770568848e-01
-7.505084276199340820e-01
-7.505355477333068848e-01
-7.505753636360168457e-01
-7.506403326988220215e-01
-7.507085204124450684e-01
-7.508356571197509766e-01
-7.509736418724060059e-01
-7.510811090469360352e-01
-7.511705756187438965e-01
-7.512680888175964355e-01
-7.514190673828125000e-01
-7.515599727630615234e-01
-7.516065239906311035e-01
-7.518130540847778320e-01
-7.519400119781494141e-01
-7.520612478256225586e-01
-7.522734999656677246e-01
-7.523935437202453613e-01
-7.525827884674072266e-01
-7.527942061424255371e-01
-7.530445456504821777e-01
-7.532498240470886230e-01
-7.534238100051879883e-01
-7.535791397094726562e-01
-7.537015676498413086e-01
-7.538345456123352051e-01
-7.541179656982421875e-01
-7.543412446975708008e-01
-7.544531226158142090e-01
-7.546669840812683105e-01
-7.549277544021606445e-01
-7.551493048667907715e-01
-7.553595304489135742e-01
-7.555018067359924316e-01
-7.556059956550598145e-01
-7.556706070899963379e-01
-7.557363510131835938e-01
-7.558026313781738281e-01
-7.559242248535156250e-01
-7.561158537864685059e-01
-7.563340067863464355e-01
-7.565109133720397949e-01
-7.566704750061035156e-01
-7.568314671516418457e-01
-7.570489048957824707e-01
-7.571713328361511230e-01
-7.573029398918151855e-01
-7.573826313018798828e-01
-7.574344277381896973e-01
-7.574789524078369141e-01
-7.575271129608154297e-01
-7.575815320014953613e-01
-7.576348781585693359e-01
-7.576776146888732910e-01
-7.577217221260070801e-01
-7.577646374702453613e-01
-7.578147649765014648e-01
-7.578630447387695312e-01
-7.579206228256225586e-01
-7.579827904701232910e-01
-7.580812573432922363e-01
-7.581963539123535156e-01
-7.583204507827758789e-01
-7.584532499313354492e-01
-7.585680484771728516e-01
-7.586798667907714844e-01
-7.587801218032836914e-01
-7.588866353034973145e-01
-7.590201497077941895e-01
-7.591409087181091309e-01
-7.592995762825012207e-01
-7.594667673110961914e-01
-7.596272826194763184e-01
-7.597185373306274414e-01
-7.598133087158203125e-01
-7.598776221275329590e-01
-7.599341869354248047e-01
-7.600031495094299316e-01
-7.600664496421813965e-01
-7.601197361946105957e-01
-7.601689696311950684e-01
-7.602118849754333496e-01
-7.602720260620117188e-01
-7.603291869163513184e-01
-7.603770494461059570e-01
-7.604354619979858398e-01
-7.604845166206359863e-01
-7.605440020561218262e-01
-7.606072425842285156e-01
-7.606718540191650391e-01
-7.607465386390686035e-01
-7.608461976051330566e-01
-7.609692811965942383e-01
-7.610825896263122559e-01
-7.612102031707763672e-01
-7.614125013351440430e-01
-7.615684270858764648e-01
-7.617605328559875488e-01
-7.618566751480102539e-01
-7.619254589080810547e-01
-7.619808912277221680e-01
-7.620123624801635742e-01
-7.620475888252258301e-01
-7.620810270309448242e-01
-7.621174454689025879e-01
-7.621729373931884766e-01
-7.622418403625488281e-01
-7.623078823089599609e-01
-7.623604536056518555e-01
-7.624242305755615234e-01
-7.624828219413757324e-01
-7.625429630279541016e-01
-7.626099586486816406e-01
-7.626882195472717285e-01
-7.627900838851928711e-01
-7.628988623619079590e-01
-7.629956603050231934e-01
-7.631013393402099609e-01
-7.631729245185852051e-01
-7.632534503936767578e-01
-7.633299827575683594e-01
-7.634245157241821289e-01
-7.635359168052673340e-01
-7.636265754699707031e-01
-7.637335658073425293e-01
-7.638130187988281250e-01
-7.638883590698242188e-01
-7.639325857162475586e-01
-7.639954090118408203e-01
-7.640664577484130859e-01
-7.641264200210571289e-01
-7.642208933830261230e-01
-7.642807364463806152e-01
-7.643442749977111816e-01
-7.643886804580688477e-01
-7.644371986389160156e-01
-7.644730210304260254e-01
-7.645102143287658691e-01
-7.645385265350341797e-01
-7.645843029022216797e-01
-7.646477818489074707e-01
-7.647067308425903320e-01
-7.647808790206909180e-01
-7.648870348930358887e-01
-7.650176286697387695e-01
-7.651450037956237793e-01
-7.652392387390136719e-01
-7.653509974479675293e-01
-7.654045224189758301e-01
-7.654390335083007812e-01
-7.654564976692199707e-01
-7.654808759689331055e-01
-7.654969096183776855e-01
-7.655071020126342773e-01
-7.655234932899475098e-01
-7.655375599861145020e-01
-7.655530571937561035e-01
-7.655667662620544434e-01
-7.655878663063049316e-01
-7.656064629554748535e-01
-7.656437158584594727e-01
-7.656776905059814453e-01
-7.657185196876525879e-01
-7.657516598701477051e-01
-7.658019065856933594e-01
-7.658458352088928223e-01
-7.658826708793640137e-01
-7.659244537353515625e-01
-7.659423947334289551e-01
-7.659577727317810059e-01
-7.659713625907897949e-01
-7.659811973571777344e-01
-7.659917473793029785e-01
-7.659915685653686523e-01
-7.659882307052612305e-01
-7.659876942634582520e-01
-7.659924626350402832e-01
-7.659924030303955078e-01
-7.659924626350402832e-01
-7.659924626350402832e-01
-7.659903764724731445e-01
-7.659850716590881348e-01
-7.659875750541687012e-01
-7.659912109375000000e-01
-7.659924626350402832e-01
