1.181584477424621582e+00
1.102783679962158203e+00
1.001430988311767578e+00
8.571266531944274902e-01
6.484434008598327637e-01
5.037502646446228027e-01
4.512419700622558594e-01
4.168905019760131836e-01
4.124340713024139404e-01
4.091360270977020264e-01
4.047368466854095459e-01
3.999117612838745117e-01
3.959688842296600342e-01
3.943002223968505859e-01
3.934040069580078125e-01
3.920227587223052979e-01
3.905527889728546143e-01
3.892119824886322021e-01
3.885281682014465332e-01
3.879460394382476807e-01
3.870939016342163086e-01
3.861809074878692627e-01
3.850770294666290283e-01
3.837244808673858643e-01
3.818612992763519287e-01
3.809340000152587891e-01
3.803173899650573730e-01
3.795945644378662109e-01
3.788246214389801025e-01
3.781061768531799316e-01
3.773933947086334229e-01
3.766127526760101318e-01
3.758508563041687012e-01
3.753195703029632568e-01
3.748871088027954102e-01
3.744153380393981934e-01
3.733082413673400879e-01
3.704937994480133057e-01
3.683300018310546875e-01
3.664990365505218506e-01
3.624236285686492920e-01
3.624225854873657227e-01
3.600320816040039062e-01
3.549252152442932129e-01
3.499468564987182617e-01
5.616119503974914551e-01
3.420926034450531006e-01
3.407288491725921631e-01
2.528793573379516602e+00
3.425189852714538574e-01
3.390041887760162354e-01
3.363272547721862793e-01
3.291087746620178223e-01
3.209691345691680908e-01
3.158196508884429932e-01
3.052996397018432617e-01
2.965861260890960693e-01
2.869527935981750488e-01
2.806935012340545654e-01
2.746929228305816650e-01
2.730777263641357422e-01
2.716990411281585693e-01
2.688185274600982666e-01
2.671296894550323486e-01
2.657916247844696045e-01
2.649064064025878906e-01
2.643536627292633057e-01
2.639294564723968506e-01
2.631132900714874268e-01
2.617067694664001465e-01
2.608266472816467285e-01
2.603037059307098389e-01
2.598787248134613037e-01
2.590957880020141602e-01
2.577621638774871826e-01
2.567789852619171143e-01
2.562005519866943359e-01
2.558019757270812988e-01
2.555445730686187744e-01
2.553111016750335693e-01
2.550958991050720215e-01
2.546147704124450684e-01
2.538830339908599854e-01
2.532353103160858154e-01
2.525285184383392334e-01
2.519667148590087891e-01
2.516046464443206787e-01
2.513908147811889648e-01
2.512274682521820068e-01
2.508375942707061768e-01
2.503279745578765869e-01
2.497145384550094604e-01
2.489805370569229126e-01
2.484663873910903931e-01
2.474828511476516724e-01
2.456749826669692993e-01
2.436821758747100830e-01
2.432810664176940918e-01
2.429533749818801880e-01
2.424271851778030396e-01
2.417972385883331299e-01
2.414005696773529053e-01
2.410380989313125610e-01
2.407431453466415405e-01
2.405798137187957764e-01
2.404773831367492676e-01
2.404130995273590088e-01
2.403233945369720459e-01
2.401880323886871338e-01
2.399881780147552490e-01
2.396579533815383911e-01
2.392616719007492065e-01
2.390297949314117432e-01
2.387108504772186279e-01
2.381398528814315796e-01
2.373630553483963013e-01
2.364108413457870483e-01
2.354513257741928101e-01
2.343325018882751465e-01
2.330455929040908813e-01
2.323243767023086548e-01
2.315251529216766357e-01
2.307645082473754883e-01
2.299952656030654907e-01
2.288421988487243652e-01
2.277036458253860474e-01
2.270165085792541504e-01
2.265408337116241455e-01
2.262325137853622437e-01
2.259140312671661377e-01
2.256928235292434692e-01
2.254264205694198608e-01
2.249797731637954712e-01
2.244364023208618164e-01
2.239038795232772827e-01
2.234181612730026245e-01
2.228931039571762085e-01
2.223630249500274658e-01
2.219403982162475586e-01
2.216267436742782593e-01
2.208952307701110840e-01
2.197620719671249390e-01
2.185550183057785034e-01
2.177720069885253906e-01
2.170478552579879761e-01
2.167187929153442383e-01
2.163105159997940063e-01
2.160400152206420898e-01
2.158708721399307251e-01
2.156714051961898804e-01
2.155044823884963989e-01
2.154065668582916260e-01
2.152602225542068481e-01
2.150774151086807251e-01
2.149091511964797974e-01
2.148008793592453003e-01
2.146615236997604370e-01
2.144257128238677979e-01
2.141942828893661499e-01
2.139227539300918579e-01
2.136636972427368164e-01
2.133536040782928467e-01
2.130970805883407593e-01
2.127459943294525146e-01
2.123754024505615234e-01
2.118751108646392822e-01
2.116177380084991455e-01
2.111468911170959473e-01
2.110428214073181152e-01
2.107711285352706909e-01
2.106200307607650757e-01
2.105312347412109375e-01
2.104283422231674194e-01
2.102591842412948608e-01
2.100995779037475586e-01
2.099060714244842529e-01
2.095802724361419678e-01
2.089816629886627197e-01
2.081018090248107910e-01
2.074731886386871338e-01
2.067105770111083984e-01
2.811146080493927002e-01
2.056296914815902710e-01
2.052363455295562744e-01
2.048786282539367676e-01
2.041725665330886841e-01
2.040156871080398560e-01
2.035173028707504272e-01
2.033409029245376587e-01
2.031001448631286621e-01
2.027889043092727661e-01
2.025211751461029053e-01
2.020921707153320312e-01
2.019922584295272827e-01
2.018711566925048828e-01
2.014973461627960205e-01
2.013738453388214111e-01
2.007515579462051392e-01
1.995470225811004639e-01
1.982051432132720947e-01
1.974215358495712280e-01
1.968464553356170654e-01
1.962695568799972534e-01
1.959083676338195801e-01
1.956219822168350220e-01
1.954378932714462280e-01
1.952934414148330688e-01
1.951344460248947144e-01
1.949459463357925415e-01
1.947512924671173096e-01
1.946021169424057007e-01
1.945074051618576050e-01
1.944276094436645508e-01
1.943655312061309814e-01
1.942935138940811157e-01
1.942008286714553833e-01
1.939695626497268677e-01
1.935565322637557983e-01
1.931510716676712036e-01
1.929031014442443848e-01
1.927747875452041626e-01
1.925333440303802490e-01
1.923635303974151611e-01
1.921690106391906738e-01
1.919946819543838501e-01
1.918187290430068970e-01
1.916285157203674316e-01
1.914535909891128540e-01
1.912793517112731934e-01
1.910964995622634888e-01
1.908760517835617065e-01
1.906432062387466431e-01
1.903137415647506714e-01
1.900517642498016357e-01
1.897802203893661499e-01
1.895531415939331055e-01
1.893306672573089600e-01
1.890232563018798828e-01
1.885910034179687500e-01
1.882274597883224487e-01
1.879295110702514648e-01
1.876306235790252686e-01
1.873011291027069092e-01
1.870282292366027832e-01
1.866959482431411743e-01
1.865245699882507324e-01
1.861390620470046997e-01
1.855380684137344360e-01
1.851720213890075684e-01
1.849842518568038940e-01
1.848432570695877075e-01
1.846498996019363403e-01
1.843634098768234253e-01
1.840681582689285278e-01
1.834101974964141846e-01
1.827592551708221436e-01
1.824159324169158936e-01
1.821168661117553711e-01
1.820136159658432007e-01
1.818361580371856689e-01
1.815987527370452881e-01
1.813558638095855713e-01
1.812009364366531372e-01
1.810672581195831299e-01
1.808778792619705200e-01
1.805744022130966187e-01
1.802332848310470581e-01
1.799153983592987061e-01
1.796453148126602173e-01
1.793612986803054810e-01
1.789932250976562500e-01
1.783896386623382568e-01
1.777064055204391479e-01
1.773339360952377319e-01
1.766663342714309692e-01
1.758108735084533691e-01
1.744252890348434448e-01
1.731728613376617432e-01
1.724984794855117798e-01
1.721251159906387329e-01
1.713172495365142822e-01
1.708613038063049316e-01
1.704763472080230713e-01
1.701091825962066650e-01
1.696788966655731201e-01
1.690874248743057251e-01
1.685103029012680054e-01
1.681317538022994995e-01
1.677125990390777588e-01
1.671918034553527832e-01
1.666236817836761475e-01
1.660262048244476318e-01
1.655987054109573364e-01
1.652602255344390869e-01
1.649635285139083862e-01
1.645825207233428955e-01
1.642159372568130493e-01
1.636206358671188354e-01
1.628476381301879883e-01
1.621882021427154541e-01
1.615805476903915405e-01
1.611819863319396973e-01
1.609161496162414551e-01
1.605281084775924683e-01
1.600742191076278687e-01
1.597922891378402710e-01
1.593717187643051147e-01
1.590095013380050659e-01
1.588075160980224609e-01
1.585766971111297607e-01
1.583312600851058960e-01
1.581196933984756470e-01
1.579656600952148438e-01
1.578345894813537598e-01
1.577965021133422852e-01
1.577294617891311646e-01
1.576368510723114014e-01
1.575154960155487061e-01
1.573104411363601685e-01
1.569763422012329102e-01
1.565170884132385254e-01
1.559216976165771484e-01
1.553813815116882324e-01
1.549537479877471924e-01
1.544805467128753662e-01
1.541418880224227905e-01
1.536544859409332275e-01
1.533992439508438110e-01
1.532249450683593750e-01
1.530866771936416626e-01
1.529462784528732300e-01
1.527192890644073486e-01
1.523234397172927856e-01
1.517070829868316650e-01
1.508273631334304810e-01
1.501950323581695557e-01
1.495164930820465088e-01
1.488295346498489380e-01
1.481893509626388550e-01
1.481059789657592773e-01
1.477519571781158447e-01
1.476165801286697388e-01
1.474850624799728394e-01
1.473056524991989136e-01
1.471395790576934814e-01
1.470402479171752930e-01
1.469381749629974365e-01
1.468784064054489136e-01
1.468194872140884399e-01
1.467415690422058105e-01
1.466266363859176636e-01
1.464823335409164429e-01
1.463220566511154175e-01
1.461623758077621460e-01
1.459834426641464233e-01
1.458233147859573364e-01
1.456680446863174438e-01
1.454504281282424927e-01
1.450963914394378662e-01
1.446209251880645752e-01
1.439931541681289673e-01
1.432547867298126221e-01
1.424424648284912109e-01
1.417422890663146973e-01
1.409146338701248169e-01
1.401897221803665161e-01
1.395271569490432739e-01
1.391507089138031006e-01
1.389513760805130005e-01
1.387619972229003906e-01
1.385524123907089233e-01
1.382802575826644897e-01
1.379962116479873657e-01
1.375660449266433716e-01
1.367679238319396973e-01
1.358587443828582764e-01
1.350709795951843262e-01
1.343430280685424805e-01
1.337827742099761963e-01
1.335662752389907837e-01
1.332186907529830933e-01
1.329954564571380615e-01
1.328334063291549683e-01
1.327279657125473022e-01
1.325609534978866577e-01
1.323580890893936157e-01
1.320821791887283325e-01
1.317805945873260498e-01
1.314580738544464111e-01
1.312825828790664673e-01
1.311698704957962036e-01
1.310138702392578125e-01
1.309312283992767334e-01
1.308547556400299072e-01
1.307946145534515381e-01
1.307178288698196411e-01
1.306411176919937134e-01
1.305679529905319214e-01
1.304847300052642822e-01
1.303675174713134766e-01
1.301636695861816406e-01
1.298182755708694458e-01
1.293430775403976440e-01
1.286068856716156006e-01
1.281480789184570312e-01
1.278334408998489380e-01
1.275166273117065430e-01
1.272980272769927979e-01
1.272435337305068970e-01
1.271687150001525879e-01
1.270369142293930054e-01
1.268429309129714966e-01
1.266330480575561523e-01
1.264020800590515137e-01
1.261769533157348633e-01
1.258822828531265259e-01
1.256027668714523315e-01
1.254192292690277100e-01
1.253126710653305054e-01
1.252169460058212280e-01
1.251734495162963867e-01
1.250907033681869507e-01
1.250061541795730591e-01
1.248979419469833374e-01
1.247595921158790588e-01
1.244948655366897583e-01
1.241439729928970337e-01
1.233503445982933044e-01
1.226594969630241394e-01
1.225480064749717712e-01
1.221910417079925537e-01
1.216532289981842041e-01
1.208757683634757996e-01
1.203980818390846252e-01
1.198897883296012878e-01
1.192769333720207214e-01
1.188160702586174011e-01
1.182071790099143982e-01
1.176250427961349487e-01
1.170850545167922974e-01
1.162531375885009766e-01
1.153790652751922607e-01
1.148340180516242981e-01
1.143945157527923584e-01
1.139716133475303650e-01
1.138097047805786133e-01
1.137111335992813110e-01
1.136394515633583069e-01
1.135563105344772339e-01
1.134655773639678955e-01
1.133216246962547302e-01
1.129955500364303589e-01
1.123348772525787354e-01
1.114847883582115173e-01
1.107903197407722473e-01
1.103508770465850830e-01
1.099207252264022827e-01
1.094802021980285645e-01
1.089956089854240417e-01
1.083237677812576294e-01
1.074825227260589600e-01
1.067150160670280457e-01
1.058870330452919006e-01
1.046586185693740845e-01
1.034156978130340576e-01
1.020628139376640320e-01
1.008891835808753967e-01
1.001982241868972778e-01
9.975385665893554688e-02
9.787723422050476074e-02
9.523376077413558960e-02
9.215606749057769775e-02
8.994927257299423218e-02
8.897294104099273682e-02
8.715326339006423950e-02
8.639328181743621826e-02
8.552700281143188477e-02
8.503509312868118286e-02
8.464463055133819580e-02
8.425121754407882690e-02
8.389961719512939453e-02
8.350574225187301636e-02
8.294926583766937256e-02
8.236030489206314087e-02
8.173593133687973022e-02
8.121918141841888428e-02
8.073263615369796753e-02
8.032090961933135986e-02
7.998023182153701782e-02
7.952347397804260254e-02
7.932792603969573975e-02
7.908642292022705078e-02
7.887535542249679565e-02
7.866785675287246704e-02
7.847538590431213379e-02
7.826959341764450073e-02
7.808062434196472168e-02
7.789117842912673950e-02
7.769069820642471313e-02
7.745295763015747070e-02
7.691972702741622925e-02
7.567321509122848511e-02
7.416190207004547119e-02
7.230836898088455200e-02
7.046252489089965820e-02
6.885875761508941650e-02
6.969399005174636841e-02
6.788187474012374878e-02
6.708139181137084961e-02
6.606559455394744873e-02
6.558874994516372681e-02
6.515567004680633545e-02
6.468036025762557983e-02
6.428017467260360718e-02
6.364497542381286621e-02
6.315829604864120483e-02
6.262589991092681885e-02
6.205793097615242004e-02
6.157917529344558716e-02
6.121542304754257202e-02
6.068193912506103516e-02
6.013161689043045044e-02
5.938728526234626770e-02
5.878128856420516968e-02
5.832900851964950562e-02
5.792650207877159119e-02
5.762496963143348694e-02
5.724182352423667908e-02
5.684421584010124207e-02
5.650783702731132507e-02
5.616355687379837036e-02
5.579705908894538879e-02
5.534698814153671265e-02
5.481413751840591431e-02
5.419148504734039307e-02
5.362326279282569885e-02
5.286584794521331787e-02
5.207772552967071533e-02
5.097287148237228394e-02
5.013332888484001160e-02
4.948170483112335205e-02
4.902494698762893677e-02
4.862677678465843201e-02
4.863455146551132202e-02
4.837341234087944031e-02
4.822314158082008362e-02
4.807193949818611145e-02
4.778588190674781799e-02
4.738541319966316223e-02
4.694326594471931458e-02
4.648685082793235779e-02
4.599861800670623779e-02
4.503380507230758667e-02
4.372584819793701172e-02
4.287577793002128601e-02
4.195626452565193176e-02
4.114402458071708679e-02
4.060448333621025085e-02
4.015645757317543030e-02
3.959494084119796753e-02
3.909174725413322449e-02
3.856651484966278076e-02
3.806781768798828125e-02
3.730257228016853333e-02
3.595688566565513611e-02
3.375302255153656006e-02
3.141137212514877319e-02
2.997103706002235413e-02
2.844304777681827545e-02
2.746409736573696136e-02
2.705659531056880951e-02
2.666263654828071594e-02
2.623522840440273285e-02
2.589300647377967834e-02
2.542983181774616241e-02
2.488863281905651093e-02
2.428928762674331665e-02
2.365097217261791229e-02
2.306209132075309753e-02
2.258325554430484772e-02
2.211210690438747406e-02
2.185603417456150055e-02
2.135639637708663940e-02
2.061832882463932037e-02
1.998660527169704437e-02
1.953079551458358765e-02
1.835959404706954956e-02
1.733727753162384033e-02
1.680487021803855896e-02
1.618662476539611816e-02
1.585555821657180786e-02
1.548067852854728699e-02
1.452255807816982269e-02
1.379087939858436584e-02
1.322266738861799240e-02
1.268900930881500244e-02
1.271450053900480270e-02
1.218791957944631577e-02
1.179257687181234360e-02
1.091478858143091202e-02
1.005181577056646347e-02
9.206892922520637512e-03
8.877156302332878113e-03
8.348844945430755615e-03
7.791413459926843643e-03
6.428595632314682007e-03
5.179832223802804947e-03
4.032375756651163101e-03
3.437374718487262726e-03
2.917056204751133919e-03
2.345292596146464348e-03
1.798658398911356926e-03
1.254071248695254326e-03
4.124264523852616549e-04
-7.395961438305675983e-04
-1.948920311406254768e-03
-3.280096687376499176e-03
-5.113314837217330933e-03
-7.376659661531448364e-03
-1.076644286513328552e-02
-7.705796509981155396e-03
-1.272355671972036362e-02
-1.438475959002971649e-02
-1.609027013182640076e-02
-1.686709001660346985e-02
-1.731145754456520081e-02
-1.796944811940193176e-02
-1.902771182358264923e-02
-2.000303380191326141e-02
-2.082952484488487244e-02
-2.174059115350246429e-02
-2.275091782212257385e-02
-2.364992722868919373e-02
-2.475957386195659637e-02
-2.566646225750446320e-02
-2.640708163380622864e-02
-2.718771249055862427e-02
-2.815912477672100067e-02
-2.901477925479412079e-02
-3.011160157620906830e-02
-3.094056434929370880e-02
-3.172012045979499817e-02
-3.230522572994232178e-02
-3.291837498545646667e-02
-3.328886255621910095e-02
-3.355098515748977661e-02
-3.380848094820976257e-02
-3.426736965775489807e-02
-3.495087474584579468e-02
-3.558766469359397888e-02
-3.604537248611450195e-02
-3.678132593631744385e-02
-3.764399141073226929e-02
-3.822650760412216187e-02
-3.886096179485321045e-02
-3.955845907330513000e-02
-4.063974693417549133e-02
-4.249044135212898254e-02
-4.540832713246345520e-02
-4.827963188290596008e-02
-5.301762744784355164e-02
-5.611447244882583618e-02
-6.061135604977607727e-02
-6.348822265863418579e-02
-6.632088124752044678e-02
-6.775291264057159424e-02
-7.114183902740478516e-02
-7.444897294044494629e-02
-7.776869088411331177e-02
-7.960820943117141724e-02
-8.170074969530105591e-02
-8.450803905725479126e-02
-8.756461739540100098e-02
-8.991023898124694824e-02
-9.097579866647720337e-02
-9.287352859973907471e-02
-9.255037456750869751e-02
-9.396503120660781860e-02
-9.463381022214889526e-02
-9.538960456848144531e-02
-9.601026773452758789e-02
-9.650401026010513306e-02
-9.735880792140960693e-02
-9.849917143583297729e-02
-9.962351620197296143e-02
-1.004251092672348022e-01
-1.008739992976188660e-01
-1.012006998062133789e-01
-1.015146300196647644e-01
-1.018277630209922791e-01
-1.021917015314102173e-01
-1.025184690952301025e-01
-1.028228923678398132e-01
-1.031291335821151733e-01
-1.035996899008750916e-01
-1.042470782995223999e-01
-1.050422564148902893e-01
-1.061446592211723328e-01
-1.075815930962562561e-01
-1.091682910919189453e-01
-1.103725731372833252e-01
-1.116583868861198425e-01
-1.124462708830833435e-01
-1.130317002534866333e-01
-1.134733855724334717e-01
-1.137109100818634033e-01
-1.141264513134956360e-01
-1.144749969244003296e-01
-1.148264259099960327e-01
-1.154795661568641663e-01
-1.168271601200103760e-01
-1.185598447918891907e-01
-1.207813248038291931e-01
-1.228985115885734558e-01
-1.250752955675125122e-01
-1.269929558038711548e-01
-1.285167932510375977e-01
-1.297842264175415039e-01
-1.307308524847030640e-01
-1.321004629135131836e-01
-1.334593594074249268e-01
-1.344744414091110229e-01
-1.353884637355804443e-01
-1.362757235765457153e-01
-1.373201757669448853e-01
-1.378264576196670532e-01
-1.381507217884063721e-01
-1.383406966924667358e-01
-1.384610682725906372e-01
-1.385430842638015747e-01
-1.386111378669738770e-01
-1.387131959199905396e-01
-1.389604508876800537e-01
-1.396357417106628418e-01
-1.399004757404327393e-01
-1.405000984668731689e-01
-1.419300436973571777e-01
-1.445228606462478638e-01
-1.471833586692810059e-01
-1.486590206623077393e-01
-1.499325484037399292e-01
-1.510011851787567139e-01
-1.517611443996429443e-01
-1.522913128137588501e-01
-1.530684977769851685e-01
-1.538623720407485962e-01
-1.551105827093124390e-01
-1.567726582288742065e-01
-1.581635326147079468e-01
-1.592185348272323608e-01
-1.603043675422668457e-01
-1.609281599521636963e-01
-1.617407202720642090e-01
-1.625065654516220093e-01
-1.633635163307189941e-01
-1.645026206970214844e-01
-1.660616397857666016e-01
-1.673909723758697510e-01
-1.699687242507934570e-01
-1.720669567584991455e-01
-1.745336949825286865e-01
-1.701604276895523071e-01
-1.754813194274902344e-01
-1.767853200435638428e-01
-1.774417161941528320e-01
-1.787128001451492310e-01
-1.793037652969360352e-01
-1.797434687614440918e-01
-1.802123934030532837e-01
-1.805440336465835571e-01
-1.810244172811508179e-01
-1.814617067575454712e-01
-1.820918619632720947e-01
-1.829721033573150635e-01
-1.842553019523620605e-01
-1.852333545684814453e-01
-1.864383220672607422e-01
-1.875912100076675415e-01
-1.884692907333374023e-01
-1.894001662731170654e-01
-1.902597695589065552e-01
-1.909992694854736328e-01
-1.915764361619949341e-01
-1.926188170909881592e-01
-1.935158222913742065e-01
-1.940090060234069824e-01
-1.944979280233383179e-01
-1.951141506433486938e-01
-1.956907659769058228e-01
-1.961864680051803589e-01
-1.966269165277481079e-01
-1.970336288213729858e-01
-1.973237246274948120e-01
-1.975509822368621826e-01
-1.979926079511642456e-01
-1.986764371395111084e-01
-1.997499167919158936e-01
-2.009905874729156494e-01
-2.026513218879699707e-01
-2.039022296667098999e-01
-2.054356485605239868e-01
-2.064969688653945923e-01
-2.071783542633056641e-01
-2.079569101333618164e-01
-2.087550610303878784e-01
-2.094634473323822021e-01
-2.116317749023437500e-01
-2.137535363435745239e-01
-2.150630801916122437e-01
-2.167923748493194580e-01
-2.177983224391937256e-01
-2.185463607311248779e-01
-2.199152559041976929e-01
-2.206829637289047241e-01
-2.213680446147918701e-01
-2.224855571985244751e-01
-2.229359149932861328e-01
-2.236122488975524902e-01
-2.241471409797668457e-01
-2.246405184268951416e-01
-2.252232283353805542e-01
-2.259422838687896729e-01
-2.263409644365310669e-01
-2.273908853530883789e-01
-2.286500036716461182e-01
-2.297764867544174194e-01
-2.311944812536239624e-01
-2.320837676525115967e-01
-2.324075847864151001e-01
-2.328563630580902100e-01
-2.332449257373809814e-01
-2.334253638982772827e-01
-2.337052971124649048e-01
-2.339370250701904297e-01
-2.341943085193634033e-01
-2.344221174716949463e-01
-2.346438765525817871e-01
-2.348505407571792603e-01
-2.351305186748504639e-01
-2.354053705930709839e-01
-2.356917560100555420e-01
-2.361167967319488525e-01
-2.366204857826232910e-01
-2.372526377439498901e-01
-2.377021610736846924e-01
-2.384434044361114502e-01
-2.390836924314498901e-01
-2.397523969411849976e-01
-2.402751743793487549e-01
-2.406090348958969116e-01
-2.408740818500518799e-01
-2.411233782768249512e-01
-2.414865940809249878e-01
-2.420640736818313599e-01
-2.428889274597167969e-01
-2.440203875303268433e-01
-2.458068579435348511e-01
-2.477478533983230591e-01
-2.504183053970336914e-01
-2.526515722274780273e-01
-2.561578452587127686e-01
-2.578222155570983887e-01
-2.591253519058227539e-01
-2.590825259685516357e-01
-2.599899768829345703e-01
-2.606187462806701660e-01
-2.613791525363922119e-01
-2.619027197360992432e-01
-2.624454200267791748e-01
-2.632663846015930176e-01
-2.644440829753875732e-01
-2.658802270889282227e-01
-2.673628330230712891e-01
-2.690320014953613281e-01
-2.703251242637634277e-01
-2.718351781368255615e-01
-2.732519209384918213e-01
-2.740814685821533203e-01
-2.750673294067382812e-01
-2.754809558391571045e-01
-2.758382260799407959e-01
-2.760542631149291992e-01
-2.763757407665252686e-01
-2.767015397548675537e-01
-2.770724594593048096e-01
-2.775524258613586426e-01
-2.780609428882598877e-01
-2.785399854183197021e-01
-2.789134979248046875e-01
-2.793141007423400879e-01
-2.795122265815734863e-01
-2.797952592372894287e-01
-2.800599038600921631e-01
-2.802856862545013428e-01
-2.804981172084808350e-01
-2.807251513004302979e-01
-2.810365259647369385e-01
-2.813059091567993164e-01
-2.814530134201049805e-01
-2.816150486469268799e-01
-2.816751003265380859e-01
-2.817452549934387207e-01
-2.818214297294616699e-01
-2.819032073020935059e-01
-2.820136249065399170e-01
-2.821412384510040283e-01
-2.822963595390319824e-01
-2.824784219264984131e-01
-2.826604843139648438e-01
-2.828133106231689453e-01
-2.830562293529510498e-01
-2.832838892936706543e-01
-2.834820449352264404e-01
-2.836270034313201904e-01
-2.837535738945007324e-01
-2.838662564754486084e-01
-2.839848101139068604e-01
-2.840981781482696533e-01
-2.842474877834320068e-01
-2.844552099704742432e-01
-2.847066223621368408e-01
-2.850169837474822998e-01
-2.853752970695495605e-01
-2.856653332710266113e-01
-2.859898209571838379e-01
-2.862850427627563477e-01
-2.867131233215332031e-01
-2.872953414916992188e-01
-2.879765033721923828e-01
-2.887246608734130859e-01
-2.894428968429565430e-01
-2.902361452579498291e-01
-2.907902896404266357e-01
-2.910220026969909668e-01
-2.912763357162475586e-01
-2.914082705974578857e-01
-2.915083467960357666e-01
-2.917165756225585938e-01
-2.918982207775115967e-01
-2.920607924461364746e-01
-2.921796143054962158e-01
-2.924442589282989502e-01
-2.926408350467681885e-01
-2.928158640861511230e-01
-2.930077314376831055e-01
-2.932876050472259521e-01
-2.936388552188873291e-01
-2.940669655799865723e-01
-2.946499288082122803e-01
-2.949392199516296387e-01
-2.953839004039764404e-01
-2.956813871860504150e-01
-2.958453595638275146e-01
-2.960304915904998779e-01
-2.962843179702758789e-01
-2.965831160545349121e-01
-2.968866825103759766e-01
-2.973163127899169922e-01
-2.976754903793334961e-01
-2.981012761592864990e-01
-2.982861101627349854e-01
-2.985129952430725098e-01
-2.986891865730285645e-01
-2.988626062870025635e-01
-2.990396916866302490e-01
-2.991752326488494873e-01
-2.992932498455047607e-01
-2.993781566619873047e-01
-2.994328141212463379e-01
-2.995279431343078613e-01
-2.996637523174285889e-01
-2.998547554016113281e-01
-3.000418245792388916e-01
-3.002064526081085205e-01
-3.004015684127807617e-01
-3.006188571453094482e-01
-3.007626831531524658e-01
-3.009208738803863525e-01
-3.010379076004028320e-01
-3.011514246463775635e-01
-3.012809455394744873e-01
-3.014630079269409180e-01
-3.018080592155456543e-01
-3.024123907089233398e-01
-3.034638762474060059e-01
-3.051266968250274658e-01
-3.066492974758148193e-01
-3.079172968864440918e-01
-3.085295855998992920e-01
-3.093574345111846924e-01
-3.098735511302947998e-01
-3.103094696998596191e-01
-3.105794787406921387e-01
-3.107972145080566406e-01
-3.110316395759582520e-01
-3.112731575965881348e-01
-3.114716708660125732e-01
-3.117225766181945801e-01
-3.120394945144653320e-01
-3.123774826526641846e-01
-3.126956224441528320e-01
-3.129763603210449219e-01
-3.132870197296142578e-01
-3.136186599731445312e-01
-3.139896392822265625e-01
-3.143063187599182129e-01
-3.146403431892395020e-01
-3.150925338268280029e-01
-3.155094385147094727e-01
-3.158831000328063965e-01
-3.162375688552856445e-01
-3.167373538017272949e-01
-3.171684741973876953e-01
-3.175849616527557373e-01
-3.179489672183990479e-01
-3.182959854602813721e-01
-3.184881210327148438e-01
-3.187583088874816895e-01
-3.190607428550720215e-01
-3.192793726921081543e-01
-3.194359242916107178e-01
-3.196562528610229492e-01
-3.199176788330078125e-01
-3.201532959938049316e-01
-3.203067183494567871e-01
-3.204585611820220947e-01
-3.206050395965576172e-01
-3.207579553127288818e-01
-3.208787441253662109e-01
-3.209937512874603271e-01
-3.211033344268798828e-01
-3.212161362171173096e-01
-3.213799297809600830e-01
-3.215915560722351074e-01
-3.218968510627746582e-01
-3.223083615303039551e-01
-3.225949108600616455e-01
-3.229566812515258789e-01
-3.234146833419799805e-01
-3.237175941467285156e-01
-3.239387571811676025e-01
-3.242682516574859619e-01
-3.246577382087707520e-01
-3.250014483928680420e-01
-3.251894712448120117e-01
-3.253143727779388428e-01
-3.254735469818115234e-01
-3.257255852222442627e-01
-3.260396718978881836e-01
-3.263569474220275879e-01
-3.266811072826385498e-01
-3.269829154014587402e-01
-3.273589313030242920e-01
-3.276901841163635254e-01
-3.279919326305389404e-01
-3.282762467861175537e-01
-3.285737931728363037e-01
-3.290035724639892578e-01
-3.295848071575164795e-01
-3.302894830703735352e-01
-3.308269977569580078e-01
-3.314509689807891846e-01
-3.317488431930541992e-01
-3.321595191955566406e-01
-3.324165344238281250e-01
-3.326335251331329346e-01
-3.328343629837036133e-01
-3.330074548721313477e-01
-3.331705629825592041e-01
-3.334047794342041016e-01
-3.337299823760986328e-01
-3.340889811515808105e-01
-3.345718085765838623e-01
-3.348925411701202393e-01
-3.353266417980194092e-01
-3.357329368591308594e-01
-3.361271917819976807e-01
-3.364636003971099854e-01
-3.368113636970520020e-01
-3.370338976383209229e-01
-3.372007608413696289e-01
-3.374506235122680664e-01
-3.377991616725921631e-01
-3.380373418331146240e-01
-3.381935358047485352e-01
-3.384499847888946533e-01
-3.385916054248809814e-01
-3.387237489223480225e-01
-3.388386666774749756e-01
-3.389421403408050537e-01
-3.390454053878784180e-01
-3.391676843166351318e-01
-3.392662405967712402e-01
-3.393714129924774170e-01
-3.394888639450073242e-01
-3.396368920803070068e-01
-3.398250043392181396e-01
-3.401011228561401367e-01
-3.403901457786560059e-01
-3.407763540744781494e-01
-3.410849571228027344e-01
-3.414485752582550049e-01
-3.417220115661621094e-01
-3.420956134796142578e-01
-3.424203991889953613e-01
-3.427529633045196533e-01
-3.431499302387237549e-01
-3.436594903469085693e-01
-3.439841568470001221e-01
-3.443267345428466797e-01
-3.447246551513671875e-01
-3.450050652027130127e-01
-3.450898826122283936e-01
-3.453450500965118408e-01
-3.454833030700683594e-01
-3.456348180770874023e-01
-3.457861244678497314e-01
-3.459188938140869141e-01
-3.460769057273864746e-01
-3.462063670158386230e-01
-3.463732302188873291e-01
-3.464870750904083252e-01
-3.466300368309020996e-01
-3.467490077018737793e-01
-3.468453288078308105e-01
-3.468987643718719482e-01
-3.469539582729339600e-01
-3.470033407211303711e-01
-3.470564484596252441e-01
-3.471275866031646729e-01
-3.472098410129547119e-01
-3.472998738288879395e-01
-3.473869860172271729e-01
-3.474893867969512939e-01
-3.475709557533264160e-01
-3.476547300815582275e-01
-3.477248251438140869e-01
-3.478001356124877930e-01
-3.478703498840332031e-01
-3.479422032833099365e-01
-3.480274081230163574e-01
-3.481678068637847900e-01
-3.483172655105590820e-01
-3.484789133071899414e-01
-3.486809432506561279e-01
-3.489317893981933594e-01
-3.490968942642211914e-01
-3.492497801780700684e-01
-3.494503796100616455e-01
-3.496017754077911377e-01
-3.496854007244110107e-01
-3.497291803359985352e-01
-3.497744202613830566e-01
-3.498198986053466797e-01
-3.498577475547790527e-01
-3.498969376087188721e-01
-3.499636650085449219e-01
-3.500634133815765381e-01
-3.501533567905426025e-01
-3.502622544765472412e-01
-3.504548370838165283e-01
-3.506033420562744141e-01
-3.508650362491607666e-01
-3.512304425239562988e-01
-3.516637086868286133e-01
-3.522682785987854004e-01
-3.529177904129028320e-01
-3.535299897193908691e-01
-3.540912568569183350e-01
-3.548053205013275146e-01
-3.551591634750366211e-01
-3.555559813976287842e-01
-3.558157980442047119e-01
-3.559823632240295410e-01
-3.561520874500274658e-01
-3.563816845417022705e-01
-3.566209077835083008e-01
-3.568036258220672607e-01
-3.569810092449188232e-01
-3.572372198104858398e-01
-3.574390709400177002e-01
-3.575895428657531738e-01
-3.577830195426940918e-01
-3.580045402050018311e-01
-3.582366108894348145e-01
-3.585044443607330322e-01
-3.589495420455932617e-01
-3.592746257781982422e-01
-3.596524000167846680e-01
-3.602191209793090820e-01
-3.606567680835723877e-01
-3.611705601215362549e-01
-3.614801168441772461e-01
-3.620099723339080811e-01
-3.623517155647277832e-01
-3.628071248531341553e-01
-3.633885383605957031e-01
-3.639409542083740234e-01
-3.644559681415557861e-01
-3.649505078792572021e-01
-3.655709326267242432e-01
-3.660740256309509277e-01
-3.665618896484375000e-01
-3.670686781406402588e-01
-3.674677610397338867e-01
-3.678042292594909668e-01
-3.680955171585083008e-01
-3.683171570301055908e-01
-3.686493933200836182e-01
-3.691205680370330811e-01
-3.694998621940612793e-01
-3.698329925537109375e-01
-3.701723814010620117e-01
-3.705690205097198486e-01
-3.708913028240203857e-01
-3.713023960590362549e-01
-3.716558516025543213e-01
-3.720775544643402100e-01
-3.722448945045471191e-01
-3.725599646568298340e-01
-3.729507327079772949e-01
-3.733263313770294189e-01
-3.736066520214080811e-01
-3.737899065017700195e-01
-3.739580214023590088e-01
-3.741269409656524658e-01
-3.742320239543914795e-01
-3.743817806243896484e-01
-3.745585083961486816e-01
-3.747280538082122803e-01
-3.749289810657501221e-01
-3.751261532306671143e-01
-3.753609359264373779e-01
-3.756342828273773193e-01
-3.759719133377075195e-01
-3.763602375984191895e-01
-3.768799006938934326e-01
-3.772959411144256592e-01
-3.776628077030181885e-01
-3.781630992889404297e-01
-3.786816895008087158e-01
-3.792549073696136475e-01
-3.799377679824829102e-01
-3.808648884296417236e-01
-3.820926547050476074e-01
-3.839706778526306152e-01
-3.848315775394439697e-01
-3.856558799743652344e-01
-3.847309947013854980e-01
-3.862819373607635498e-01
-3.867544233798980713e-01
-3.873667120933532715e-01
-3.879059553146362305e-01
-3.888615667819976807e-01
-3.895653784275054932e-01
-3.900095224380493164e-01
-3.905520439147949219e-01
-3.911262154579162598e-01
-3.916197419166564941e-01
-3.921529650688171387e-01
-3.926684558391571045e-01
-3.930338919162750244e-01
-3.933838009834289551e-01
-3.937533199787139893e-01
-3.941463530063629150e-01
-3.945127129554748535e-01
-3.948522508144378662e-01
-3.951342701911926270e-01
-3.954844176769256592e-01
-3.958839774131774902e-01
-3.962862789630889893e-01
-3.966207504272460938e-01
-3.969071507453918457e-01
-3.971158862113952637e-01
-3.973008692264556885e-01
-3.974709212779998779e-01
-3.976013660430908203e-01
-3.978947699069976807e-01
-3.981721103191375732e-01
-3.984607458114624023e-01
-3.987101912498474121e-01
-3.990339338779449463e-01
-3.994607031345367432e-01
-3.998080492019653320e-01
-4.001376926898956299e-01
-4.004371762275695801e-01
-4.007320106029510498e-01
-4.009439945220947266e-01
-4.011435508728027344e-01
-4.013375639915466309e-01
-4.015488922595977783e-01
-4.016875326633453369e-01
-4.018307328224182129e-01
-4.019062817096710205e-01
-4.020408689975738525e-01
-4.022240638732910156e-01
-4.024614989757537842e-01
-4.027320444583892822e-01
-4.029752016067504883e-01
-4.032191932201385498e-01
-4.034152328968048096e-01
-4.036087393760681152e-01
-4.037050902843475342e-01
-4.037850499153137207e-01
-4.038810729980468750e-01
-4.039918780326843262e-01
-4.040978550910949707e-01
-4.041928946971893311e-01
-4.042858183383941650e-01
-4.043774306774139404e-01
-4.044764637947082520e-01
-4.045924544334411621e-01
-4.047329127788543701e-01
-4.048677086830139160e-01
-4.050469100475311279e-01
-4.052450060844421387e-01
-4.055407047271728516e-01
-4.057823419570922852e-01
-4.060872793197631836e-01
-4.063079059123992920e-01
-4.065701663494110107e-01
-4.067568480968475342e-01
-4.069850742816925049e-01
-4.072072803974151611e-01
-4.074271619319915771e-01
-4.075605869293212891e-01
-4.077619612216949463e-01
-4.079100191593170166e-01
-4.080875217914581299e-01
-4.083262979984283447e-01
-4.085884690284729004e-01
-4.088780879974365234e-01
-4.091732800006866455e-01
-4.094740152359008789e-01
-4.097889661788940430e-01
-4.100528657436370850e-01
-4.103032350540161133e-01
-4.104653000831604004e-01
-4.105874896049499512e-01
-4.106814265251159668e-01
-4.108225405216217041e-01
-4.110108315944671631e-01
-4.112027883529663086e-01
-4.114152193069458008e-01
-4.116517007350921631e-01
-4.118801951408386230e-01
-4.120741486549377441e-01
-4.122683107852935791e-01
-4.124291241168975830e-01
-4.125850200653076172e-01
-4.127465784549713135e-01
-4.129750132560729980e-01
-4.132838249206542969e-01
-4.136116802692413330e-01
-4.139272868633270264e-01
-4.141445755958557129e-01
-4.143203794956207275e-01
-4.144982695579528809e-01
-4.147077202796936035e-01
-4.151887297630310059e-01
-4.160232245922088623e-01
-4.170961678028106689e-01
-4.181097447872161865e-01
-4.187079668045043945e-01
-4.201045632362365723e-01
-4.205784797668457031e-01
-4.213638603687286377e-01
-4.221014082431793213e-01
-4.226493835449218750e-01
-4.231978058815002441e-01
-4.238555729389190674e-01
-4.243740141391754150e-01
-4.249030947685241699e-01
-4.254792928695678711e-01
-4.260988831520080566e-01
-4.263991117477416992e-01
-4.267624020576477051e-01
-4.270078539848327637e-01
-4.272021651268005371e-01
-4.273422956466674805e-01
-4.275226593017578125e-01
-4.277536571025848389e-01
-4.279530048370361328e-01
-4.281056523323059082e-01
-4.283011257648468018e-01
-4.285515248775482178e-01
-4.288465976715087891e-01
-4.291271567344665527e-01
-4.294461905956268311e-01
-4.298369884490966797e-01
-4.300994873046875000e-01
-4.303877353668212891e-01
-4.306463599205017090e-01
-4.309284389019012451e-01
-4.312163591384887695e-01
-4.316249787807464600e-01
-4.318754374980926514e-01
-4.320621490478515625e-01
-4.321914911270141602e-01
-4.323253631591796875e-01
-4.324416518211364746e-01
-4.325494468212127686e-01
-4.326486587524414062e-01
-4.327730238437652588e-01
-4.329110383987426758e-01
-4.330570697784423828e-01
-4.332153797149658203e-01
-4.334223568439483643e-01
-4.335758388042449951e-01
-4.337968528270721436e-01
-4.339987635612487793e-01
-4.341603815555572510e-01
-4.344063401222229004e-01
-4.347862899303436279e-01
-4.352014660835266113e-01
-4.355564713478088379e-01
-4.358818233013153076e-01
-4.361149668693542480e-01
-4.361824691295623779e-01
-4.363957345485687256e-01
-4.366250634193420410e-01
-4.368976950645446777e-01
-4.371539354324340820e-01
-4.373978376388549805e-01
-4.375771582126617432e-01
-4.377063214778900146e-01
-4.378109276294708252e-01
-4.378974139690399170e-01
-4.379685223102569580e-01
-4.380472898483276367e-01
-4.381590187549591064e-01
-4.382847547531127930e-01
-4.384610652923583984e-01
-4.386528134346008301e-01
-4.388140738010406494e-01
-4.389528632164001465e-01
-4.391097128391265869e-01
-4.393037557601928711e-01
-4.395807981491088867e-01
-4.399929642677307129e-01
-4.405746161937713623e-01
-4.410869777202606201e-01
-4.415158927440643311e-01
-4.394568204879760742e-01
-4.416754543781280518e-01
-4.420398473739624023e-01
-4.422761797904968262e-01
-4.426773786544799805e-01
-4.429734647274017334e-01
-4.432514309883117676e-01
-4.435455799102783203e-01
-4.439411759376525879e-01
-4.441740214824676514e-01
-4.443875551223754883e-01
-4.445945322513580322e-01
-4.447596669197082520e-01
-4.448906183242797852e-01
-4.449910521507263184e-01
-4.450789690017700195e-01
-4.451572895050048828e-01
-4.452277421951293945e-01
-4.453100264072418213e-01
-4.454159736633300781e-01
-4.455482661724090576e-01
-4.456728696823120117e-01
-4.458122551441192627e-01
-4.458893537521362305e-01
-4.460024535655975342e-01
-4.461072683334350586e-01
-4.462126791477203369e-01
-4.463261663913726807e-01
-4.464471936225891113e-01
-4.466175138950347900e-01
-4.469839930534362793e-01
-4.475824236869812012e-01
-4.484196901321411133e-01
-4.495007395744323730e-01
-4.505627751350402832e-01
-4.510567486286163330e-01
-4.517953693866729736e-01
-4.523239433765411377e-01
-4.528093039989471436e-01
-4.533640742301940918e-01
-4.539841711521148682e-01
-4.545359611511230469e-01
-4.549501538276672363e-01
-4.552747011184692383e-01
-4.557408988475799561e-01
-4.564550220966339111e-01
-4.573763310909271240e-01
-4.583863615989685059e-01
-4.592253267765045166e-01
-4.604162275791168213e-01
-4.612056612968444824e-01
-4.609147310256958008e-01
-4.616189301013946533e-01
-4.622885882854461670e-01
-4.628144502639770508e-01
-4.630618393421173096e-01
-4.632581174373626709e-01
-4.632625579833984375e-01
-4.634958803653717041e-01
-4.636151790618896484e-01
-4.638006687164306641e-01
-4.639550149440765381e-01
-4.640609025955200195e-01
-4.642271399497985840e-01
-4.645142257213592529e-01
-4.648061096668243408e-01
-4.652419388294219971e-01
-4.656888544559478760e-01
-4.664183259010314941e-01
-4.670178294181823730e-01
-4.681297540664672852e-01
-4.682041704654693604e-01
-4.685329496860504150e-01
-4.690240621566772461e-01
-4.697563350200653076e-01
-4.703012704849243164e-01
-4.707779884338378906e-01
-4.713942110538482666e-01
-4.719502031803131104e-01
-4.723780453205108643e-01
-4.726502001285552979e-01
-4.730075299739837646e-01
-4.733031690120697021e-01
-4.734855294227600098e-01
-4.737743735313415527e-01
-4.740319252014160156e-01
-4.741830229759216309e-01
-4.743174314498901367e-01
-4.744741618633270264e-01
-4.746637344360351562e-01
-4.748409986495971680e-01
-4.749745726585388184e-01
-4.750699102878570557e-01
-4.751543700695037842e-01
-4.752459228038787842e-01
-4.753777980804443359e-01
-4.756631851196289062e-01
-4.760421812534332275e-01
-4.763777852058410645e-01
-4.766594171524047852e-01
-4.769013822078704834e-01
-4.772175550460815430e-01
-4.774426221847534180e-01
-4.776144027709960938e-01
-4.777632951736450195e-01
-4.780318439006805420e-01
-4.783633053302764893e-01
-4.786870479583740234e-01
-4.790574908256530762e-01
-4.794327020645141602e-01
-4.800593256950378418e-01
-4.807767271995544434e-01
-4.814472198486328125e-01
-4.820581376552581787e-01
-4.826085567474365234e-01
-4.828914999961853027e-01
-4.831276834011077881e-01
-4.833328425884246826e-01
-4.834838509559631348e-01
-4.837199449539184570e-01
-4.840520024299621582e-01
-4.844317436218261719e-01
-4.848349988460540771e-01
-4.853158891201019287e-01
-4.856680929660797119e-01
-4.862149655818939209e-01
-4.867540597915649414e-01
-4.872010052204132080e-01
-4.876927733421325684e-01
-4.880036413669586182e-01
-4.882098436355590820e-01
-4.883730113506317139e-01
-4.885505735874176025e-01
-4.887353181838989258e-01
-4.889090061187744141e-01
-4.890509843826293945e-01
-4.892069101333618164e-01
-4.894702136516571045e-01
-4.897955060005187988e-01
-4.901319146156311035e-01
-4.904553592205047607e-01
-4.907768666744232178e-01
-4.911668002605438232e-01
-4.915052652359008789e-01
-4.919087290763854980e-01
-4.922236204147338867e-01
-4.924478828907012939e-01
-4.926311075687408447e-01
-4.928547143936157227e-01
-4.931035339832305908e-01
-4.933260381221771240e-01
-4.935083687305450439e-01
-4.936608970165252686e-01
-4.937983453273773193e-01
-4.939155280590057373e-01
-4.940091371536254883e-01
-4.941414296627044678e-01
-4.943531453609466553e-01
-4.946306645870208740e-01
-4.949591159820556641e-01
-4.952061474323272705e-01
-4.954770505428314209e-01
-4.957117438316345215e-01
-4.959851503372192383e-01
-4.961392879486083984e-01
-4.962879419326782227e-01
-4.964571595191955566e-01
-4.965766966342926025e-01
-4.967029690742492676e-01
-4.968951046466827393e-01
-4.971512854099273682e-01
-4.974878728389739990e-01
-4.978965818881988525e-01
-4.986872971057891846e-01
-4.996478557586669922e-01
-5.015319585800170898e-01
-5.031863451004028320e-01
-5.039353966712951660e-01
-4.483144581317901611e-01
-5.057545304298400879e-01
-5.063056945800781250e-01
-5.075601339340209961e-01
-5.086588859558105469e-01
-5.097352862358093262e-01
-5.108063817024230957e-01
-5.120484232902526855e-01
-5.129835009574890137e-01
-5.135760903358459473e-01
-5.140359401702880859e-01
-5.145031809806823730e-01
-5.148952603340148926e-01
-5.153136253356933594e-01
-5.158037543296813965e-01
-5.161528587341308594e-01
-5.164808630943298340e-01
-5.170230269432067871e-01
-5.177295804023742676e-01
-5.183917284011840820e-01
-5.187248587608337402e-01
-5.188755989074707031e-01
-5.190116167068481445e-01
-5.192154645919799805e-01
-5.194416642189025879e-01
-5.196569561958312988e-01
-5.198888778686523438e-01
-5.201959013938903809e-01
-5.205477476119995117e-01
-5.209580063819885254e-01
-5.214142203330993652e-01
-5.221215486526489258e-01
-5.229508280754089355e-01
-5.240518450736999512e-01
-5.247552394866943359e-01
-5.254188776016235352e-01
-5.263121128082275391e-01
-5.269967913627624512e-01
-5.278314352035522461e-01
-5.282778143882751465e-01
-5.285938382148742676e-01
-5.289356708526611328e-01
-5.291669964790344238e-01
-5.294083952903747559e-01
-5.296878218650817871e-01
-5.298665761947631836e-01
-5.299732685089111328e-01
-5.300258994102478027e-01
-5.300883650779724121e-01
-5.301442742347717285e-01
-5.301980376243591309e-01
-5.302634239196777344e-01
-5.303527116775512695e-01
-5.304676294326782227e-01
-5.306262373924255371e-01
-5.308340787887573242e-01
-5.311263799667358398e-01
-5.313474535942077637e-01
-5.315735936164855957e-01
-5.321028828620910645e-01
-5.325475931167602539e-01
-5.329358577728271484e-01
-5.332992076873779297e-01
-5.335162878036499023e-01
-5.337525010108947754e-01
-5.341639518737792969e-01
-5.346370339393615723e-01
-5.350850820541381836e-01
-5.356349349021911621e-01
-5.362373590469360352e-01
-5.367024540901184082e-01
-5.371158719062805176e-01
-5.373921394348144531e-01
-5.378240346908569336e-01
-5.382793545722961426e-01
-5.388547182083129883e-01
-5.393605828285217285e-01
-5.401422381401062012e-01
-5.407865047454833984e-01
-5.417672991752624512e-01
-5.427737832069396973e-01
-5.423909425735473633e-01
-5.431851744651794434e-01
-5.441347360610961914e-01
-5.450130105018615723e-01
-5.459492206573486328e-01
-5.465214848518371582e-01
-5.472459197044372559e-01
-5.471021533012390137e-01
-5.476239919662475586e-01
-5.481529831886291504e-01
-5.487448573112487793e-01
-5.491892099380493164e-01
-5.493922233581542969e-01
-5.496553182601928711e-01
-5.498057007789611816e-01
-5.498845577239990234e-01
-5.499836206436157227e-01
-5.500571131706237793e-01
-5.501827597618103027e-01
-5.502847433090209961e-01
-5.503595471382141113e-01
-5.504599213600158691e-01
-5.505940318107604980e-01
-5.507332086563110352e-01
-5.508649349212646484e-01
-5.509595274925231934e-01
-5.510387420654296875e-01
-5.511088371276855469e-01
-5.511798262596130371e-01
-5.512312650680541992e-01
-5.512834191322326660e-01
-5.513478517532348633e-01
-5.514445900917053223e-01
-5.515944361686706543e-01
-5.517715215682983398e-01
-5.519642233848571777e-01
-5.521683096885681152e-01
-5.523796677589416504e-01
-5.526258945465087891e-01
-5.529111027717590332e-01
-5.532501935958862305e-01
-5.536186099052429199e-01
-5.540633201599121094e-01
-5.545759797096252441e-01
-5.551839470863342285e-01
-5.558274388313293457e-01
-5.565853118896484375e-01
-5.571993589401245117e-01
-5.577289462089538574e-01
-5.588011741638183594e-01
-5.594811439514160156e-01
-5.605458617210388184e-01
-5.615932345390319824e-01
-5.623649954795837402e-01
-5.630545616149902344e-01
-5.637535452842712402e-01
-5.641966462135314941e-01
-5.645226836204528809e-01
-5.649417638778686523e-01
-5.652192234992980957e-01
-5.653890967369079590e-01
-5.655732154846191406e-01
-5.657426714897155762e-01
-5.659632086753845215e-01
-5.662154555320739746e-01
-5.665197968482971191e-01
-5.669045448303222656e-01
-5.672586560249328613e-01
-5.676962137222290039e-01
-5.680944919586181641e-01
-5.684564709663391113e-01
-5.686748623847961426e-01
-5.688686370849609375e-01
-5.690618753433227539e-01
-5.692544579505920410e-01
-5.695189833641052246e-01
-5.697714686393737793e-01
-5.699492096900939941e-01
-5.700589418411254883e-01
-5.702204108238220215e-01
-5.703470706939697266e-01
-5.704274773597717285e-01
-5.705065727233886719e-01
-5.705972909927368164e-01
-5.706830620765686035e-01
-5.707916021347045898e-01
-5.709028840065002441e-01
-5.709963440895080566e-01
-5.710853934288024902e-01
-5.711895227432250977e-01
-5.712951421737670898e-01
-5.714471340179443359e-01
-5.716357827186584473e-01
-5.718314647674560547e-01
-5.720391869544982910e-01
-5.722982287406921387e-01
-5.725494623184204102e-01
-5.728500485420227051e-01
-5.731312632560729980e-01
-5.734452605247497559e-01
-5.737678408622741699e-01
-5.741919875144958496e-01
-5.745999217033386230e-01
-5.750985145568847656e-01
-5.757312774658203125e-01
-5.763237476348876953e-01
-5.768813490867614746e-01
-5.773614048957824707e-01
-5.778393745422363281e-01
-5.785012841224670410e-01
-5.791293382644653320e-01
-5.796379446983337402e-01
-5.800264477729797363e-01
-5.803508162498474121e-01
-5.805667638778686523e-01
-5.807499289512634277e-01
-5.809547305107116699e-01
-5.811176896095275879e-01
-5.812593102455139160e-01
-5.814598798751831055e-01
-5.816080570220947266e-01
-5.817401409149169922e-01
-5.818602442741394043e-01
-5.819861888885498047e-01
-5.821118950843811035e-01
-5.822333693504333496e-01
-5.824477076530456543e-01
-5.826685428619384766e-01
-5.828600525856018066e-01
-5.830203890800476074e-01
-5.832746624946594238e-01
-5.834779143333435059e-01
-5.837013125419616699e-01
-5.838546752929687500e-01
-5.839841961860656738e-01
-5.840896368026733398e-01
-5.841756463050842285e-01
-5.842998027801513672e-01
-5.844228863716125488e-01
-5.845138430595397949e-01
-5.846402645111083984e-01
-5.847359895706176758e-01
-5.849019885063171387e-01
-5.850530266761779785e-01
-5.851840972900390625e-01
-5.852929949760437012e-01
-5.854200720787048340e-01
-5.855712294578552246e-01
-5.857521295547485352e-01
-5.859012007713317871e-01
-5.860735177993774414e-01
-5.861956477165222168e-01
-5.863411426544189453e-01
-5.864867568016052246e-01
-5.866767168045043945e-01
-5.868919491767883301e-01
-5.871556997299194336e-01
-5.872329473495483398e-01
-5.874742269515991211e-01
-5.876888632774353027e-01
-5.879840254783630371e-01
-5.883331894874572754e-01
-5.887015461921691895e-01
-5.887440443038940430e-01
-5.888443589210510254e-01
-5.890640616416931152e-01
-5.891800522804260254e-01
-5.893256664276123047e-01
-5.894215703010559082e-01
-5.895135402679443359e-01
-5.896082520484924316e-01
-5.897257924079895020e-01
-5.898210406303405762e-01
-5.899179577827453613e-01
-5.899939537048339844e-01
-5.900750756263732910e-01
-5.901704430580139160e-01
-5.902742743492126465e-01
-5.903575420379638672e-01
-5.904315710067749023e-01
-5.904734134674072266e-01
-5.905417799949645996e-01
-5.906028151512145996e-01
-5.906870961189270020e-01
-5.907943844795227051e-01
-5.908927917480468750e-01
-5.909340381622314453e-01
-5.909891724586486816e-01
-5.910226106643676758e-01
-5.910880565643310547e-01
-5.911714434623718262e-01
-5.913004279136657715e-01
-5.915203690528869629e-01
-5.918147563934326172e-01
-5.921401381492614746e-01
-5.926214456558227539e-01
-5.907618999481201172e-01
-5.928143262863159180e-01
-5.933387875556945801e-01
-5.937677025794982910e-01
-5.944654941558837891e-01
-5.949852466583251953e-01
-5.955557823181152344e-01
-5.960445404052734375e-01
-5.964123606681823730e-01
-5.971161723136901855e-01
-5.978207588195800781e-01
-5.983966588973999023e-01
-5.991050601005554199e-01
-5.995061397552490234e-01
-5.999788045883178711e-01
-6.006512045860290527e-01
-6.011890769004821777e-01
-6.015169024467468262e-01
-6.017892956733703613e-01
-6.019952893257141113e-01
-6.021996140480041504e-01
-6.024396419525146484e-01
-6.027207374572753906e-01
-6.030470132827758789e-01
-6.035887002944946289e-01
-6.043269038200378418e-01
-6.050869226455688477e-01
-6.056190133094787598e-01
-6.061285138130187988e-01
-6.063982248306274414e-01
-6.066626906394958496e-01
-6.068984866142272949e-01
-6.070565581321716309e-01
-6.072960495948791504e-01
-6.074790358543395996e-01
-6.075844168663024902e-01
-6.076755523681640625e-01
-6.077970862388610840e-01
-6.078892350196838379e-01
-6.080285310745239258e-01
-6.081949472427368164e-01
-6.083809733390808105e-01
-6.086072921752929688e-01
-6.088341474533081055e-01
-6.091231703758239746e-01
-6.094236969947814941e-01
-6.096785664558410645e-01
-6.098599433898925781e-01
-6.100175380706787109e-01
-6.101710200309753418e-01
-6.102976202964782715e-01
-6.103942394256591797e-01
-6.104330420494079590e-01
-6.105014681816101074e-01
-6.105503439903259277e-01
-6.105902791023254395e-01
-6.106345057487487793e-01
-6.107012033462524414e-01
-6.108096241950988770e-01
-6.109639406204223633e-01
-6.111767888069152832e-01
-6.114233732223510742e-01
-6.117087602615356445e-01
-6.119745373725891113e-01
-6.121671795845031738e-01
-6.123175024986267090e-01
-6.124036312103271484e-01
-6.124427914619445801e-01
-6.125411391258239746e-01
-6.126335263252258301e-01
-6.127352118492126465e-01
-6.128498911857604980e-01
-6.129789948463439941e-01
-6.131415367126464844e-01
-6.133198738098144531e-01
-6.135111451148986816e-01
-6.137736439704895020e-01
-6.140909194946289062e-01
-6.144277453422546387e-01
-6.146833300590515137e-01
-6.149303913116455078e-01
-6.151310205459594727e-01
-6.153947114944458008e-01
-6.155709624290466309e-01
-6.157027482986450195e-01
-6.158532500267028809e-01
-6.159591078758239746e-01
-6.161450147628784180e-01
-6.162751913070678711e-01
-6.163589954376220703e-01
-6.164336204528808594e-01
-6.165146231651306152e-01
-6.165932416915893555e-01
-6.166915297508239746e-01
-6.168189048767089844e-01
-6.169689297676086426e-01
-6.170890927314758301e-01
-6.171836256980895996e-01
-6.172435283660888672e-01
-6.172968149185180664e-01
-6.173667907714843750e-01
-6.174424886703491211e-01
-6.175342798233032227e-01
-6.176514029502868652e-01
-6.177914142608642578e-01
-6.179416179656982422e-01
-6.181039810180664062e-01
-6.182633638381958008e-01
-6.184180378913879395e-01
-6.185372471809387207e-01
-6.186604499816894531e-01
-6.188015937805175781e-01
-6.188998222351074219e-01
-6.190442442893981934e-01
-6.192116737365722656e-01
-6.193984746932983398e-01
-6.195480227470397949e-01
-6.197101473808288574e-01
-6.198514103889465332e-01
-6.199983358383178711e-01
-6.201451420783996582e-01
-6.203042864799499512e-01
-6.205080747604370117e-01
-6.207487583160400391e-01
-6.209329962730407715e-01
-6.211635470390319824e-01
-6.212958097457885742e-01
-6.214931607246398926e-01
-6.216850876808166504e-01
-6.218960881233215332e-01
-6.220032572746276855e-01
-6.221057772636413574e-01
-6.222050786018371582e-01
-6.222993731498718262e-01
-6.223911046981811523e-01
-6.224579215049743652e-01
-6.225272417068481445e-01
-6.225878000259399414e-01
-6.226345896720886230e-01
-6.226580739021301270e-01
-6.226801276206970215e-01
-6.227247714996337891e-01
-6.227467656135559082e-01
-6.228154897689819336e-01
-6.228888034820556641e-01
-6.229832172393798828e-01
-6.231068968772888184e-01
-6.232180595397949219e-01
-6.233748793601989746e-01
-6.235216259956359863e-01
-6.237402558326721191e-01
-6.239171624183654785e-01
-6.241580843925476074e-01
-6.243413686752319336e-01
-6.246037483215332031e-01
-6.248306035995483398e-01
-6.250141263008117676e-01
-6.253312230110168457e-01
-6.255828738212585449e-01
-6.259829401969909668e-01
-6.263620853424072266e-01
-6.266022324562072754e-01
-6.268303394317626953e-01
-6.269920468330383301e-01
-6.273943781852722168e-01
-6.274967193603515625e-01
-6.278088092803955078e-01
-6.280484795570373535e-01
-6.281970739364624023e-01
-6.284762024879455566e-01
-6.287157535552978516e-01
-6.289160251617431641e-01
-6.290798187255859375e-01
-6.292077302932739258e-01
-6.293479204177856445e-01
-6.294791102409362793e-01
-6.295830011367797852e-01
-6.296785473823547363e-01
-6.297487020492553711e-01
-6.298672556877136230e-01
-6.299956440925598145e-01
-6.301059722900390625e-01
-6.302090287208557129e-01
-6.303238272666931152e-01
-6.304400563240051270e-01
-6.305243968963623047e-01
-6.306270360946655273e-01
-6.307518482208251953e-01
-6.308865547180175781e-01
-6.310224533081054688e-01
-6.311645507812500000e-01
-6.313318014144897461e-01
-6.315360069274902344e-01
-6.317828297615051270e-01
-6.320785284042358398e-01
-6.323075890541076660e-01
-6.324630975723266602e-01
-6.326627135276794434e-01
-6.327911019325256348e-01
-6.328952312469482422e-01
-6.329964399337768555e-01
-6.331594586372375488e-01
-6.333759427070617676e-01
-6.335932612419128418e-01
-6.339054703712463379e-01
-6.342511177062988281e-01
-6.346049308776855469e-01
-6.347246766090393066e-01
-6.351519227027893066e-01
-6.353323459625244141e-01
-6.355723142623901367e-01
-6.359037756919860840e-01
-6.362785696983337402e-01
-6.364911198616027832e-01
-6.368137598037719727e-01
-6.369784474372863770e-01
-6.372467279434204102e-01
-6.377034783363342285e-01
-6.379258036613464355e-01
-6.382393836975097656e-01
-6.383754014968872070e-01
-6.385725140571594238e-01
-6.387824416160583496e-01
-6.389788389205932617e-01
-6.390497088432312012e-01
-6.391845941543579102e-01
-6.392856836318969727e-01
-6.393882036209106445e-01
-6.394769549369812012e-01
-6.395373344421386719e-01
-6.396018862724304199e-01
-6.396598219871520996e-01
-6.397286653518676758e-01
-6.398035883903503418e-01
-6.398957371711730957e-01
-6.400078535079956055e-01
-6.401274800300598145e-01
-6.402397751808166504e-01
-6.403583884239196777e-01
-6.404846906661987305e-01
-6.405918598175048828e-01
-6.407397985458374023e-01
-6.409623026847839355e-01
-6.412322521209716797e-01
-6.415553689002990723e-01
-6.416839361190795898e-01
-6.418941617012023926e-01
-6.421102881431579590e-01
-6.422742009162902832e-01
-6.424337029457092285e-01
-6.425805687904357910e-01
-6.427470445632934570e-01
-6.429624557495117188e-01
-6.432799100875854492e-01
-6.438289880752563477e-01
-6.444780826568603516e-01
-6.451719403266906738e-01
-6.456411480903625488e-01
-6.458542346954345703e-01
-6.463690996170043945e-01
-6.468763947486877441e-01
-6.473557353019714355e-01
-6.477680802345275879e-01
-6.481333971023559570e-01
-6.484882235527038574e-01
-6.488810777664184570e-01
-6.492169499397277832e-01
-6.494364738464355469e-01
-6.496161222457885742e-01
-6.497135162353515625e-01
-6.498333215713500977e-01
-6.500222682952880859e-01
-6.501769423484802246e-01
-6.503471732139587402e-01
-6.505578160285949707e-01
-6.507515907287597656e-01
-6.509435176849365234e-01
-6.511480808258056641e-01
-6.513708829879760742e-01
-6.515356898307800293e-01
-6.516470313072204590e-01
-6.517444252967834473e-01
-6.518546938896179199e-01
-6.520499587059020996e-01
-6.523014903068542480e-01
-6.525654196739196777e-01
-6.528090834617614746e-01
-6.530508399009704590e-01
-6.532840132713317871e-01
-6.535288095474243164e-01
-6.536533832550048828e-01
-6.538438200950622559e-01
-6.539608836174011230e-01
-6.540721058845520020e-01
-6.541875600814819336e-01
-6.543139815330505371e-01
-6.544166207313537598e-01
-6.545209288597106934e-01
-6.545936465263366699e-01
-6.546764969825744629e-01
-6.547632813453674316e-01
-6.548557877540588379e-01
-6.549528837203979492e-01
-6.550500392913818359e-01
-6.551650166511535645e-01
-6.552898883819580078e-01
-6.554144024848937988e-01
-6.555239558219909668e-01
-6.556451320648193359e-01
-6.557660698890686035e-01
-6.558842658996582031e-01
-6.560244560241699219e-01
-6.561571359634399414e-01
-6.562432646751403809e-01
-6.563246250152587891e-01
-6.564245820045471191e-01
-6.565314531326293945e-01
-6.566193103790283203e-01
-6.566927433013916016e-01
-6.567490696907043457e-01
-6.568107008934020996e-01
-6.568678021430969238e-01
-6.569404006004333496e-01
-6.570379137992858887e-01
-6.571107506752014160e-01
-6.571887135505676270e-01
-6.572525501251220703e-01
-6.573173999786376953e-01
-6.573809385299682617e-01
-6.574264168739318848e-01
-6.574850678443908691e-01
-6.575310826301574707e-01
-6.575664281845092773e-01
-6.575939655303955078e-01
-6.576278805732727051e-01
-6.576656699180603027e-01
-6.577123999595642090e-01
-6.577667593955993652e-01
-6.577578783035278320e-01
-6.578002572059631348e-01
-6.578496694564819336e-01
-6.579088568687438965e-01
-6.579759716987609863e-01
-6.579963564872741699e-01
-6.580473184585571289e-01
-6.580696702003479004e-01
-6.580920219421386719e-01
-6.581147909164428711e-01
-6.581342220306396484e-01
-6.581475734710693359e-01
-6.581597924232482910e-01
-6.581779718399047852e-01
-6.581964492797851562e-01
-6.582151055335998535e-01
-6.582367420196533203e-01
-6.581908464431762695e-01
-6.582545638084411621e-01
-6.582887768745422363e-01
-6.583468317985534668e-01
-6.584597826004028320e-01
-6.586032509803771973e-01
-6.588459014892578125e-01
-6.590147018432617188e-01
-6.593492031097412109e-01
-6.597437262535095215e-01
-6.601046919822692871e-01
-6.602457165718078613e-01
-6.603266596794128418e-01
-6.604300141334533691e-01
-6.606703996658325195e-01
-6.609112024307250977e-01
-6.611900925636291504e-01
-6.614859700202941895e-01
-6.617421507835388184e-01
-6.620776653289794922e-01
-6.625217199325561523e-01
-6.627519130706787109e-01
-6.629956960678100586e-01
-6.632912755012512207e-01
-6.635119915008544922e-01
-6.641727685928344727e-01
-6.647998094558715820e-01
-6.652864813804626465e-01
-6.658526659011840820e-01
-6.658956408500671387e-01
-6.662092804908752441e-01
-6.664881706237792969e-01
-6.667893528938293457e-01
-6.670483946800231934e-01
-6.672736406326293945e-01
-6.674247384071350098e-01
-6.675292849540710449e-01
-6.677907705307006836e-01
-6.678950786590576172e-01
-6.680052280426025391e-01
-6.681389212608337402e-01
-6.683043837547302246e-01
-6.684478521347045898e-01
-6.685681939125061035e-01
-6.686901450157165527e-01
-6.687871813774108887e-01
-6.688635349273681641e-01
-6.689256429672241211e-01
-6.689713597297668457e-01
-6.690196990966796875e-01
-6.690838336944580078e-01
-6.691463589668273926e-01
-6.692417263984680176e-01
-6.693653464317321777e-01
-6.694882512092590332e-01
-6.696310043334960938e-01
-6.697652935981750488e-01
-6.699003577232360840e-01
-6.700045466423034668e-01
-6.700759530067443848e-01
-6.701905131340026855e-01
-6.703434586524963379e-01
-6.704610586166381836e-01
-6.706109046936035156e-01
-6.707588434219360352e-01
-6.709322929382324219e-01
-6.710585355758666992e-01
-6.711258888244628906e-01
-6.711711287498474121e-01
-6.712183356285095215e-01
-6.712614297866821289e-01
-6.713220477104187012e-01
-6.713793277740478516e-01
-6.714317202568054199e-01
-6.715449690818786621e-01
-6.716271042823791504e-01
-6.717455983161926270e-01
-6.718801856040954590e-01
-6.720418334007263184e-01
-6.722043752670288086e-01
-6.724594235420227051e-01
-6.726368665695190430e-01
-6.729302406311035156e-01
-6.731026172637939453e-01
-6.731936335563659668e-01
-6.732836961746215820e-01
-6.733981966972351074e-01
-6.735097765922546387e-01
-6.736246347427368164e-01
-6.737267971038818359e-01
-6.737977266311645508e-01
-6.738506555557250977e-01
-6.739122271537780762e-01
-6.739629507064819336e-01
-6.740091443061828613e-01
-6.740649938583374023e-01
-6.741309762001037598e-01
-6.741917729377746582e-01
-6.742397546768188477e-01
-6.742839217185974121e-01
-6.743440628051757812e-01
-6.744100451469421387e-01
-6.744744181632995605e-01
-6.745319366455078125e-01
-6.746104955673217773e-01
-6.746770739555358887e-01
-6.747708916664123535e-01
-6.748552918434143066e-01
-6.749338507652282715e-01
-6.750075817108154297e-01
-6.750730276107788086e-01
-6.751284003257751465e-01
-6.752096414566040039e-01
-6.752910614013671875e-01
-6.753553748130798340e-01
-6.753983497619628906e-01
-6.754552125930786133e-01
-6.755110621452331543e-01
-6.755581498146057129e-01
-6.755968332290649414e-01
-6.756239533424377441e-01
-6.756644248962402344e-01
-6.756990551948547363e-01
-6.757208108901977539e-01
-6.757366061210632324e-01
-6.757622361183166504e-01
-6.757975220680236816e-01
-6.758592724800109863e-01
-6.759576797485351562e-01
-6.760695576667785645e-01
-6.762391924858093262e-01
-6.764799952507019043e-01
-6.767395734786987305e-01
-6.770833730697631836e-01
-6.773428320884704590e-01
-6.776987910270690918e-01
-6.782010793685913086e-01
-6.785306930541992188e-01
-6.788381338119506836e-01
-6.790574193000793457e-01
-6.792649030685424805e-01
-6.796171665191650391e-01
-6.800461411476135254e-01
-6.805150508880615234e-01
-6.808409094810485840e-01
-6.810849905014038086e-01
-6.812790632247924805e-01
-6.814542412757873535e-01
-6.818687319755554199e-01
-6.823056340217590332e-01
-6.827412843704223633e-01
-6.830928921699523926e-01
-6.834537386894226074e-01
-6.838109493255615234e-01
-6.841315031051635742e-01
-6.843029856681823730e-01
-6.845532655715942383e-01
-6.848158836364746094e-01
-6.850589513778686523e-01
-6.853119730949401855e-01
-6.857174038887023926e-01
-6.861442327499389648e-01
-6.866273880004882812e-01
-6.870541572570800781e-01
-6.875435709953308105e-01
-6.879979372024536133e-01
-6.883558630943298340e-01
-6.887013316154479980e-01
-6.891885399818420410e-01
-6.897024512290954590e-01
-6.901595592498779297e-01
-6.906011700630187988e-01
-6.910140514373779297e-01
-6.913474202156066895e-01
-6.915476322174072266e-01
-6.917105317115783691e-01
-6.919199228286743164e-01
-6.921336054801940918e-01
-6.924414038658142090e-01
-6.928482651710510254e-01
-6.932155489921569824e-01
-6.936300992965698242e-01
-6.938692927360534668e-01
-6.941177845001220703e-01
-6.943976283073425293e-01
-6.945891380310058594e-01
-6.947790384292602539e-01
-6.950504779815673828e-01
-6.952300071716308594e-01
-6.954092383384704590e-01
-6.956180334091186523e-01
-6.958408951759338379e-01
-6.960108876228332520e-01
-6.961445212364196777e-01
-6.963288784027099609e-01
-6.965327262878417969e-01
-6.967313885688781738e-01
-6.969027519226074219e-01
-6.970971226692199707e-01
-6.972810626029968262e-01
-6.974642276763916016e-01
-6.976221203804016113e-01
-6.977350115776062012e-01
-6.978216171264648438e-01
-6.978906393051147461e-01
-6.979841589927673340e-01
-6.980488896369934082e-01
-6.980959177017211914e-01
-6.981441378593444824e-01
-6.982162594795227051e-01
-6.983037590980529785e-01
-6.983925700187683105e-01
-6.984913349151611328e-01
-6.985534429550170898e-01
-6.986163258552551270e-01
-6.986578702926635742e-01
-6.986920237541198730e-01
-6.987246870994567871e-01
-6.987641453742980957e-01
-6.988185644149780273e-01
-6.988754868507385254e-01
-6.988715529441833496e-01
-6.989022493362426758e-01
-6.989429593086242676e-01
-6.989871859550476074e-01
-6.990387439727783203e-01
-6.990881562232971191e-01
-6.991422176361083984e-01
-6.992026567459106445e-01
-6.992701888084411621e-01
-6.993226408958435059e-01
-6.993916630744934082e-01
-6.994411349296569824e-01
-6.995175480842590332e-01
-6.995766162872314453e-01
-6.996522545814514160e-01
-6.997057795524597168e-01
-6.997709870338439941e-01
-6.998221874237060547e-01
-6.999005079269409180e-01
-6.999994516372680664e-01
-7.000687718391418457e-01
-7.001199722290039062e-01
-7.002184987068176270e-01
-7.002842426300048828e-01
-7.003422379493713379e-01
-7.004039883613586426e-01
-7.004869580268859863e-01
-7.005798816680908203e-01
-7.006866335868835449e-01
-7.008153200149536133e-01
-7.008880376815795898e-01
-7.010126709938049316e-01
-7.010798454284667969e-01
-7.011641860008239746e-01
-7.012529969215393066e-01
-7.013324499130249023e-01
-7.014269828796386719e-01
-7.015040516853332520e-01
-7.016055583953857422e-01
-7.017809152603149414e-01
-7.019865512847900391e-01
-7.021665573120117188e-01
-7.022449374198913574e-01
-7.023009657859802246e-01
-7.024136185646057129e-01
-7.025147676467895508e-01
-7.026438713073730469e-01
-7.027561664581298828e-01
-7.028487324714660645e-01
-7.028981447219848633e-01
-7.029562592506408691e-01
-7.029862999916076660e-01
-7.030245661735534668e-01
-7.030670642852783203e-01
-7.031213641166687012e-01
-7.031990885734558105e-01
-7.032862305641174316e-01
-7.033708691596984863e-01
-7.036005854606628418e-01
-7.038457989692687988e-01
-7.039542794227600098e-01
-7.040647268295288086e-01
-7.042081356048583984e-01
-7.043086290359497070e-01
-7.043972015380859375e-01
-7.044892907142639160e-01
-7.045888304710388184e-01
-7.046593427658081055e-01
-7.047696709632873535e-01
-7.048474550247192383e-01
-7.049229145050048828e-01
-7.049602270126342773e-01
-7.050178647041320801e-01
-7.051084041595458984e-01
-7.052046060562133789e-01
-7.053284645080566406e-01
-7.054600715637207031e-01
-7.056245207786560059e-01
-7.057667970657348633e-01
-7.059335112571716309e-01
-7.060807943344116211e-01
-7.062420248985290527e-01
-7.063621878623962402e-01
-7.064334154129028320e-01
-7.064846754074096680e-01
-7.065232992172241211e-01
-7.065620422363281250e-01
-7.065868973731994629e-01
-7.066096067428588867e-01
-7.066384553909301758e-01
-7.067048549652099609e-01
-7.068037390708923340e-01
-7.069495916366577148e-01
-7.070970535278320312e-01
-7.073472738265991211e-01
-7.075096368789672852e-01
-7.078358530998229980e-01
-7.079586386680603027e-01
-7.081074118614196777e-01
-7.083050608634948730e-01
-7.084591984748840332e-01
-7.086345553398132324e-01
-7.088062167167663574e-01
-7.090026736259460449e-01
-7.092660069465637207e-01
-7.093463540077209473e-01
-7.094124555587768555e-01
-7.096037268638610840e-01
-7.097290158271789551e-01
-7.098915576934814453e-01
-7.101069092750549316e-01
-7.103641033172607422e-01
-7.105678915977478027e-01
-7.107345461845397949e-01
-7.109145522117614746e-01
-7.110911607742309570e-01
-7.112807035446166992e-01
-7.114325761795043945e-01
-7.115793228149414062e-01
-7.117142081260681152e-01
-7.118580937385559082e-01
-7.120592594146728516e-01
-7.122193574905395508e-01
-7.123718857765197754e-01
-7.124675512313842773e-01
-7.125543355941772461e-01
-7.126520276069641113e-01
-7.127139568328857422e-01
-7.127997279167175293e-01
-7.129143476486206055e-01
-7.130227684974670410e-01
-7.131513357162475586e-01
-7.132993936538696289e-01
-7.134352326393127441e-01
-7.135593295097351074e-01
-7.137826681137084961e-01
-7.139586210250854492e-01
-7.140924334526062012e-01
-7.142200469970703125e-01
-7.144156098365783691e-01
-7.145994901657104492e-01
-7.147971987724304199e-01
-7.149103283882141113e-01
-7.150510549545288086e-01
-7.151532173156738281e-01
-7.152374386787414551e-01
-7.153284549713134766e-01
-7.153737545013427734e-01
-7.155032753944396973e-01
-7.155796885490417480e-01
-7.156287431716918945e-01
-7.156794667243957520e-01
-7.157456874847412109e-01
-7.158212661743164062e-01
-7.159016728401184082e-01
-7.159609198570251465e-01
-7.160232067108154297e-01
-7.161110639572143555e-01
-7.162007093429565430e-01
-7.163406014442443848e-01
-7.164670228958129883e-01
-7.165663242340087891e-01
-7.166624069213867188e-01
-7.167583703994750977e-01
-7.169066667556762695e-01
-7.170152664184570312e-01
-7.171809077262878418e-01
-7.173042297363281250e-01
-7.174794077873229980e-01
-7.175349593162536621e-01
-7.175759673118591309e-01
-7.176995277404785156e-01
-7.177852988243103027e-01
-7.179195880889892578e-01
-7.180946469306945801e-01
-7.181826233863830566e-01
-7.182948589324951172e-01
-7.184010148048400879e-01
-7.185913920402526855e-01
-7.187492847442626953e-01
-7.188462018966674805e-01
-7.189503908157348633e-01
-7.190007567405700684e-01
-7.190867662429809570e-01
-7.191722989082336426e-01
-7.192404866218566895e-01
-7.192957997322082520e-01
-7.193494439125061035e-01
-7.194141149520874023e-01
-7.194828391075134277e-01
-7.195575833320617676e-01
-7.196180820465087891e-01
-7.196755409240722656e-01
-7.197473645210266113e-01
-7.198145985603332520e-01
-7.198897600173950195e-01
-7.199655175209045410e-01
-7.201202511787414551e-01
-7.203066945075988770e-01
-7.204719185829162598e-01
-7.205943465232849121e-01
-7.204073071479797363e-01
-7.207311987876892090e-01
-7.208568453788757324e-01
-7.210745215415954590e-01
-7.212395668029785156e-01
-7.213860750198364258e-01
-7.215426564216613770e-01
-7.217012047767639160e-01
-7.219186425209045410e-01
-7.200555205345153809e-01
-7.220395207405090332e-01
-7.221933603286743164e-01
-7.224229574203491211e-01
-7.225826382637023926e-01
-7.226843833923339844e-01
-7.227421998977661133e-01
-7.228233218193054199e-01
-7.228793501853942871e-01
-7.229174971580505371e-01
-7.229712605476379395e-01
-7.230130434036254883e-01
-7.230703830718994141e-01
-7.231223583221435547e-01
-7.231711149215698242e-01
-7.232390642166137695e-01
-7.233136892318725586e-01
-7.233613729476928711e-01
-7.234312295913696289e-01
-7.234902381896972656e-01
-7.235423922538757324e-01
-7.236108779907226562e-01
-7.236686944961547852e-01
-7.237011790275573730e-01
-7.237572073936462402e-01
-7.238078713417053223e-01
-7.238564491271972656e-01
-7.239094376564025879e-01
-7.239513993263244629e-01
-7.239988446235656738e-01
-7.240601181983947754e-01
-7.241455316543579102e-01
-7.242357134819030762e-01
-7.243149280548095703e-01
-7.243684530258178711e-01
-7.244163155555725098e-01
-7.244435548782348633e-01
-7.245076298713684082e-01
-7.245494723320007324e-01
-7.246009707450866699e-01
-7.246350646018981934e-01
-7.246914505958557129e-01
-7.247479557991027832e-01
-7.248241901397705078e-01
-7.249014973640441895e-01
-7.249858379364013672e-01
-7.250751852989196777e-01
-7.251781821250915527e-01
-7.253210544586181641e-01
-7.254827022552490234e-01
-7.256994247436523438e-01
-7.258860468864440918e-01
-7.261069416999816895e-01
-7.257509827613830566e-01
-7.262629270553588867e-01
-7.265003323554992676e-01
-7.269993424415588379e-01
-7.274283766746520996e-01
-7.279921770095825195e-01
-7.281585335731506348e-01
-7.284299731254577637e-01
-7.290736436843872070e-01
-7.293668389320373535e-01
-7.296363115310668945e-01
-7.298997640609741211e-01
-7.300635576248168945e-01
-7.301717400550842285e-01
-7.303361892700195312e-01
-7.305396795272827148e-01
-7.308366298675537109e-01
-7.310881614685058594e-01
-7.313674688339233398e-01
-7.316266298294067383e-01
-7.319875359535217285e-01
-7.322637438774108887e-01
-7.326008677482604980e-01
-7.329266667366027832e-01
-7.332542538642883301e-01
-7.333666086196899414e-01
-7.334642410278320312e-01
-7.338768839836120605e-01
-7.341670989990234375e-01
-7.344582080841064453e-01
-7.346809506416320801e-01
-7.348566055297851562e-01
-7.350722551345825195e-01
-7.351928353309631348e-01
-7.354067564010620117e-01
-7.355949878692626953e-01
-7.357429862022399902e-01
-7.358458638191223145e-01
-7.359648346900939941e-01
-7.360889911651611328e-01
-7.362931966781616211e-01
-7.364457845687866211e-01
-7.366821765899658203e-01
-7.368925809860229492e-01
-7.361369729042053223e-01
-7.370838522911071777e-01
-7.372257709503173828e-01
-7.375172972679138184e-01
-7.375925779342651367e-01
-7.376580834388732910e-01
-7.378224730491638184e-01
-7.380024194717407227e-01
-7.381079792976379395e-01
-7.381938695907592773e-01
-7.382722496986389160e-01
-7.384014725685119629e-01
-7.385194301605224609e-01
-7.386739850044250488e-01
-7.387924194335937500e-01
-7.389871478080749512e-01
-7.391462326049804688e-01
-7.393077015876770020e-01
-7.394375205039978027e-01
-7.395457029342651367e-01
-7.396294474601745605e-01
-7.397396564483642578e-01
-7.398002743721008301e-01
-7.399262189865112305e-01
-7.399987578392028809e-01
-7.400996685028076172e-01
-7.401729822158813477e-01
-7.402408719062805176e-01
-7.402684092521667480e-01
-7.403113842010498047e-01
-7.403599619865417480e-01
-7.404053211212158203e-01
-7.404471635818481445e-01
-7.404897212982177734e-01
-7.405708432197570801e-01
-7.406817078590393066e-01
-7.407897710800170898e-01
-7.409381270408630371e-01
-7.410762310028076172e-01
-7.414129376411437988e-01
-7.417515516281127930e-01
-7.417901158332824707e-01
-7.418935894966125488e-01
-7.420310378074645996e-01
-7.422679066658020020e-01
-7.424702048301696777e-01
-7.427183985710144043e-01
-7.428790926933288574e-01
-7.430909872055053711e-01
-7.433337569236755371e-01
-7.435375452041625977e-01
-7.436609864234924316e-01
-7.438138127326965332e-01
-7.438980340957641602e-01
-7.440127134323120117e-01
-7.441384196281433105e-01
-7.442544102668762207e-01
-7.443511486053466797e-01
-7.444326877593994141e-01
-7.445069551467895508e-01
-7.445697188377380371e-01
-7.446358799934387207e-01
-7.447265982627868652e-01
-7.448141574859619141e-01
-7.449312806129455566e-01
-7.450314760208129883e-01
-7.452224493026733398e-01
-7.453560829162597656e-01
-7.455638647079467773e-01
-7.456843256950378418e-01
-7.458195686340332031e-01
-7.459008097648620605e-01
-7.459998130798339844e-01
-7.460846304893493652e-01
-7.461657524108886719e-01
-7.462511658668518066e-01
-7.463395595550537109e-01
-7.464184165000915527e-01
-7.465258836746215820e-01
-7.466025352478027344e-01
-7.466670870780944824e-01
-7.467432618141174316e-01
-7.468278408050537109e-01
-7.469163537025451660e-01
-7.469793558120727539e-01
-7.470543384552001953e-01
-7.471281886100769043e-01
-7.471945285797119141e-01
-7.472549676895141602e-01
-7.473120689392089844e-01
-7.473263740539550781e-01
-7.474062442779541016e-01
-7.474333047866821289e-01
-7.474778294563293457e-01
-7.475034594535827637e-01
-7.475773692131042480e-01
-7.476651072502136230e-01
-7.477578520774841309e-01
-7.478457689285278320e-01
-7.479838132858276367e-01
-7.481233477592468262e-01
-7.482910156250000000e-01
-7.484157085418701172e-01
-7.485592961311340332e-01
-7.487909793853759766e-01
-7.489821314811706543e-01
-7.491567730903625488e-01
-7.493664622306823730e-01
-7.495219707489013672e-01
-7.497439384460449219e-01
-7.498849034309387207e-01
-7.500358223915100098e-01
-7.501608729362487793e-01
-7.502825260162353516e-01
-7.503528594970703125e-01
-7.504132986068725586e-01
-7.504988908767700195e-01
-7.505625486373901367e-01
-7.506221532821655273e-01
-7.506721615791320801e-01
-7.507308125495910645e-01
-7.502350211143493652e-01
-7.507711648941040039e-01
-7.508395314216613770e-01
-7.509533166885375977e-01
-7.510234117507934570e-01
-7.510789036750793457e-01
-7.511174082756042480e-01
-7.511609792709350586e-01
-7.512198090553283691e-01
-7.512803077697753906e-01
-7.513559460639953613e-01
-7.514306306838989258e-01
-7.515054345130920410e-01
-7.514910697937011719e-01
-7.515363097190856934e-01
-7.516424059867858887e-01
-7.516747713088989258e-01
-7.517290115356445312e-01
-7.517645359039306641e-01
-7.518202662467956543e-01
-7.518668174743652344e-01
-7.519354224205017090e-01
-7.519913315773010254e-01
-7.520548701286315918e-01
-7.521006464958190918e-01
-7.521502971649169922e-01
-7.521991729736328125e-01
-7.522409558296203613e-01
-7.522738575935363770e-01
-7.523162364959716797e-01
-7.523691058158874512e-01
-7.524519562721252441e-01
-7.525265812873840332e-01
-7.526170015335083008e-01
-7.526945471763610840e-01
-7.527908682823181152e-01
-7.528937458992004395e-01
-7.530493140220642090e-01
-7.532804608345031738e-01
-7.534938454627990723e-01
-7.538140416145324707e-01
-7.539590001106262207e-01
-7.542324662208557129e-01
-7.543750405311584473e-01
-7.545747756958007812e-01
-7.547815442085266113e-01
-7.549866437911987305e-01
-7.552211880683898926e-01
-7.554000616073608398e-01
-7.556457519531250000e-01
-7.558847069740295410e-01
-7.560352087020874023e-01
-7.562849521636962891e-01
-7.564949393272399902e-01
-7.567254900932312012e-01
-7.570329904556274414e-01
-7.573233246803283691e-01
-7.575004696846008301e-01
-7.576743364334106445e-01
-7.578580975532531738e-01
-7.580097913742065430e-01
-7.581546306610107422e-01
-7.583395838737487793e-01
-7.585589289665222168e-01
-7.587341666221618652e-01
-7.589749693870544434e-01
-7.591891288757324219e-01
-7.593598365783691406e-01
-7.594487071037292480e-01
-7.595590353012084961e-01
-7.597061991691589355e-01
-7.598589062690734863e-01
-7.600423693656921387e-01
-7.601730227470397949e-01
-7.602753639221191406e-01
-7.604079842567443848e-01
-7.605841755867004395e-01
-7.607696652412414551e-01
-7.609784007072448730e-01
-7.611425518989562988e-01
-7.613486051559448242e-01
-7.615920305252075195e-01
-7.619310021400451660e-01
-7.621654868125915527e-01
-7.623236179351806641e-01
-7.624684572219848633e-01
-7.625935673713684082e-01
-7.627039551734924316e-01
-7.628443837165832520e-01
-7.629747390747070312e-01
-7.631084918975830078e-01
-7.632885575294494629e-01
-7.634502053260803223e-01
-7.636154890060424805e-01
-7.638176083564758301e-01
-7.639914751052856445e-01
-7.641593217849731445e-01
-7.643479108810424805e-01
-7.645340561866760254e-01
-7.646743655204772949e-01
-7.647593021392822266e-01
-7.648630738258361816e-01
-7.650092840194702148e-01
-7.651376128196716309e-01
-7.652710080146789551e-01
-7.653594017028808594e-01
-7.654535770416259766e-01
-7.655428647994995117e-01
-7.656292319297790527e-01
-7.656975984573364258e-01
-7.657762765884399414e-01
-7.658132910728454590e-01
-7.659143805503845215e-01
-7.659906744956970215e-01
-7.660634517669677734e-01
-7.661267518997192383e-01
-7.662051916122436523e-01
-7.662770152091979980e-01
-7.663451433181762695e-01
-7.664427161216735840e-01
-7.665796279907226562e-01
-7.666661143302917480e-01
-7.667747735977172852e-01
-7.668710350990295410e-01
-7.669789791107177734e-01
-7.670845389366149902e-01
-7.672035098075866699e-01
-7.673078775405883789e-01
-7.674334645271301270e-01
-7.675125598907470703e-01
-7.676216363906860352e-01
-7.677437067031860352e-01
-7.678768038749694824e-01
-7.680076956748962402e-01
-7.681604623794555664e-01
-7.682912349700927734e-01
-7.684458494186401367e-01
-7.686247825622558594e-01
-7.688363194465637207e-01
-7.690376639366149902e-01
-7.692059874534606934e-01
-7.694153189659118652e-01
-7.696498036384582520e-01
-7.699471712112426758e-01
-7.703549861907958984e-01
-7.707808017730712891e-01
-7.712695002555847168e-01
-7.715512514114379883e-01
-7.720876336097717285e-01
-7.724468708038330078e-01
-7.728269100189208984e-01
-7.731350064277648926e-01
-7.735511064529418945e-01
-7.738964557647705078e-01
-7.742119431495666504e-01
-7.744847536087036133e-01
-7.745649814605712891e-01
-7.746695876121520996e-01
-7.748679518699645996e-01
-7.750689983367919922e-01
-7.753179669380187988e-01
-7.754407525062561035e-01
-7.756713032722473145e-01
-7.758749127388000488e-01
-7.760092616081237793e-01
-7.761054635047912598e-01
-7.762848734855651855e-01
-7.764475345611572266e-01
-7.764474153518676758e-01
-7.765346765518188477e-01
-7.766927480697631836e-01
-7.768962383270263672e-01
-7.770429849624633789e-01
-7.772653698921203613e-01
-7.776087522506713867e-01
-7.781710624694824219e-01
-7.786153554916381836e-01
-7.787601947784423828e-01
-7.789299488067626953e-01
-7.793933749198913574e-01
-7.798680067062377930e-01
-7.803668379783630371e-01
-7.807741165161132812e-01
-7.811310887336730957e-01
-7.815228104591369629e-01
-7.820538878440856934e-01
-7.829318046569824219e-01
-7.835354804992675781e-01
-7.840237021446228027e-01
-7.843630909919738770e-01
-7.845968008041381836e-01
-7.847586274147033691e-01
-7.850763797760009766e-01
-7.854285240173339844e-01
-7.857314944267272949e-01
-7.860102057456970215e-01
-7.862627506256103516e-01
-7.866315245628356934e-01
-7.870014309883117676e-01
-7.873192429542541504e-01
-7.875348925590515137e-01
-7.877349853515625000e-01
-7.879642248153686523e-01
-7.882177233695983887e-01
-7.884362339973449707e-01
-7.886857986450195312e-01
-7.889047265052795410e-01
-7.892570495605468750e-01
-7.897008061408996582e-01
-7.898984551429748535e-01
-7.900258898735046387e-01
-7.902576923370361328e-01
-7.904190421104431152e-01
-7.906929850578308105e-01
-7.908970117568969727e-01
-7.910540699958801270e-01
-7.911788225173950195e-01
-7.912886142730712891e-01
-7.914382219314575195e-01
-7.916046977043151855e-01
-7.917197942733764648e-01
-7.918309569358825684e-01
-7.919262051582336426e-01
-7.920268774032592773e-01
-7.921242713928222656e-01
-7.922128438949584961e-01
-7.922854423522949219e-01
-7.923503518104553223e-01
-7.923970818519592285e-01
-7.924349904060363770e-01
-7.924892306327819824e-01
-7.925801873207092285e-01
-7.926669716835021973e-01
-7.927566766738891602e-01
-7.928544878959655762e-01
-7.929271459579467773e-01
-7.930309176445007324e-01
-7.930829524993896484e-01
-7.931337952613830566e-01
-7.932089567184448242e-01
-7.932893633842468262e-01
-7.933726310729980469e-01
-7.934502363204956055e-01
-7.935523986816406250e-01
-7.936472296714782715e-01
-7.937243580818176270e-01
-7.938314676284790039e-01
-7.939407825469970703e-01
-7.940637469291687012e-01
-7.941547036170959473e-01
-7.942686080932617188e-01
-7.943878769874572754e-01
-7.945118546485900879e-01
-7.946117520332336426e-01
-7.946754097938537598e-01
-7.947615981101989746e-01
-7.948486208915710449e-01
-7.949259281158447266e-01
-7.950057387351989746e-01
-7.950919270515441895e-01
-7.951876521110534668e-01
-7.952829003334045410e-01
-7.953326702117919922e-01
-7.954181432723999023e-01
-7.954980731010437012e-01
-7.955750226974487305e-01
-7.956601977348327637e-01
-7.957527041435241699e-01
-7.958670258522033691e-01
-7.959900498390197754e-01
-7.961117625236511230e-01
-7.962963581085205078e-01
-7.964444756507873535e-01
-7.965567111968994141e-01
-7.966785430908203125e-01
-7.967981100082397461e-01
-7.968462109565734863e-01
-7.969497442245483398e-01
-7.970581650733947754e-01
-7.971193194389343262e-01
-7.971816658973693848e-01
-7.972582578659057617e-01
-7.973185181617736816e-01
-7.973970174789428711e-01
-7.974382638931274414e-01
-7.975425720214843750e-01
-7.975887656211853027e-01
-7.976317405700683594e-01
-7.977149486541748047e-01
-7.977733016014099121e-01
-7.978296279907226562e-01
-7.978562116622924805e-01
-7.978861927986145020e-01
-7.979112267494201660e-01
-7.979400157928466797e-01
-7.979544401168823242e-01
-7.979726195335388184e-01
-7.979962825775146484e-01
-7.980133891105651855e-01
-7.980464100837707520e-01
-7.980635166168212891e-01
-7.980108857154846191e-01
-7.980736494064331055e-01
-7.981105446815490723e-01
-7.981535196304321289e-01
-7.981815338134765625e-01
-7.982235550880432129e-01
-7.982587814331054688e-01
-7.983414530754089355e-01
-7.984222769737243652e-01
-7.984402179718017578e-01
-7.984675168991088867e-01
-7.985318899154663086e-01
-7.986104488372802734e-01
-7.986837625503540039e-01
-7.987424135208129883e-01
-7.988132238388061523e-01
-7.988877296447753906e-01
-7.989529967308044434e-01
-7.990139722824096680e-01
-7.990832924842834473e-01
-7.991368174552917480e-01
-7.992174625396728516e-01
-7.993029952049255371e-01
-7.994132637977600098e-01
-7.995215058326721191e-01
-7.996206879615783691e-01
-7.997435927391052246e-01
-7.998543381690979004e-01
-7.999308705329895020e-01
-8.000008463859558105e-01
-8.000870943069458008e-01
-8.001574277877807617e-01
-8.002174496650695801e-01
-8.002957701683044434e-01
-8.003806471824645996e-01
-8.004323244094848633e-01
-8.004758954048156738e-01
-8.005182743072509766e-01
-8.005504012107849121e-01
-8.006082177162170410e-01
-8.007370829582214355e-01
-8.008865118026733398e-01
-8.010497093200683594e-01
-8.012920022010803223e-01
-8.014012575149536133e-01
-8.015437126159667969e-01
-8.016545176506042480e-01
-8.017639517784118652e-01
-8.018977642059326172e-01
-8.019667863845825195e-01
-8.020777106285095215e-01
-8.021548986434936523e-01
-8.022349476814270020e-01
-8.023132681846618652e-01
-8.023954033851623535e-01
-8.024837970733642578e-01
-8.025839328765869141e-01
-8.026838898658752441e-01
-8.028226494789123535e-01
-8.029896020889282227e-01
-8.028960824012756348e-01
-8.031027317047119141e-01
-8.032267689704895020e-01
-8.033688068389892578e-01
-8.034470081329345703e-01
-8.035059571266174316e-01
-8.035458922386169434e-01
-8.035941123962402344e-01
-8.036372661590576172e-01
-8.036971688270568848e-01
-8.037605881690979004e-01
-8.038827180862426758e-01
-8.039980530738830566e-01
-8.037163615226745605e-01
-8.040537238121032715e-01
-8.042429089546203613e-01
-8.044285774230957031e-01
-8.045637011528015137e-01
-8.047314286231994629e-01
-8.048492670059204102e-01
-8.050701618194580078e-01
-8.052591085433959961e-01
-8.053551912307739258e-01
-8.055010437965393066e-01
-8.056291937828063965e-01
-8.057218194007873535e-01
-8.058316707611083984e-01
-8.060458302497863770e-01
-8.062209486961364746e-01
-8.063772320747375488e-01
-8.065881133079528809e-01
-8.068421483039855957e-01
-8.071856498718261719e-01
-8.075276017189025879e-01
-8.078952431678771973e-01
-8.070712685585021973e-01
-8.080885410308837891e-01
-8.083221316337585449e-01
-8.085299134254455566e-01
-8.086738586425781250e-01
-8.087255954742431641e-01
-8.088029623031616211e-01
-8.088683485984802246e-01
-8.089480400085449219e-01
-8.090623617172241211e-01
-8.080760836601257324e-01
-8.091187477111816406e-01
-8.093057870864868164e-01
-8.095139861106872559e-01
-8.097019791603088379e-01
-8.097937703132629395e-01
-8.099570274353027344e-01
-8.100026249885559082e-01
-8.100544810295104980e-01
-8.101364970207214355e-01
-8.102074861526489258e-01
-8.102558851242065430e-01
-8.103187680244445801e-01
-8.104041814804077148e-01
-8.104805350303649902e-01
-8.105983734130859375e-01
-8.107107877731323242e-01
-8.107970356941223145e-01
-8.108692765235900879e-01
-8.109229207038879395e-01
-8.110195398330688477e-01
-8.111494779586791992e-01
-8.112496137619018555e-01
-8.113631010055541992e-01
-8.114921450614929199e-01
-8.116348981857299805e-01
-8.117231130599975586e-01
-8.117926716804504395e-01
-8.118579387664794922e-01
-8.119074702262878418e-01
-8.119606375694274902e-01
-8.120356798171997070e-01
-8.121321201324462891e-01
-8.122681975364685059e-01
-8.124356269836425781e-01
-8.125908970832824707e-01
-8.128182291984558105e-01
-8.130808472633361816e-01
-8.135167360305786133e-01
-8.139274716377258301e-01
-8.142789006233215332e-01
-8.144673109054565430e-01
-8.146136403083801270e-01
-8.149026036262512207e-01
-8.151688575744628906e-01
-8.153166770935058594e-01
-8.154804706573486328e-01
-8.155847191810607910e-01
-8.156810402870178223e-01
-8.157791495323181152e-01
-8.158664703369140625e-01
-8.159500956535339355e-01
-8.160018920898437500e-01
-8.160880208015441895e-01
-8.162085413932800293e-01
-8.163202404975891113e-01
-8.165526390075683594e-01
-8.167670965194702148e-01
-8.170570731163024902e-01
-8.172490596771240234e-01
-8.174610137939453125e-01
-8.176211118698120117e-01
-8.177710175514221191e-01
-8.178976178169250488e-01
-8.180168867111206055e-01
-8.181157112121582031e-01
-8.182168602943420410e-01
-8.183387517929077148e-01
-8.184427618980407715e-01
-8.185536265373229980e-01
-8.186721205711364746e-01
-8.188013434410095215e-01
-8.190064430236816406e-01
-8.192636370658874512e-01
-8.194208145141601562e-01
-8.196284770965576172e-01
-8.197923302650451660e-01
-8.199372291564941406e-01
-8.201320767402648926e-01
-8.203113079071044922e-01
-8.204628825187683105e-01
-8.206323981285095215e-01
-8.207456469535827637e-01
-8.209338188171386719e-01
-8.210679292678833008e-01
-8.211922049522399902e-01
-8.212677836418151855e-01
-8.213727474212646484e-01
-8.214567899703979492e-01
-8.215645551681518555e-01
-8.216515183448791504e-01
-8.217478990554809570e-01
-8.218306899070739746e-01
-8.219180703163146973e-01
-8.219956755638122559e-01
-8.220971226692199707e-01
-8.221917152404785156e-01
-8.222813606262207031e-01
-8.223746418952941895e-01
-8.224471807479858398e-01
-8.225107789039611816e-01
-8.225711584091186523e-01
-8.226412534713745117e-01
-8.226829171180725098e-01
-8.227563500404357910e-01
-8.228020668029785156e-01
-8.228371739387512207e-01
-8.228709697723388672e-01
-8.229281902313232422e-01
-8.229876756668090820e-01
-8.230478167533874512e-01
-8.231014013290405273e-01
-8.231788277626037598e-01
-8.232977986335754395e-01
-8.234562277793884277e-01
-8.236101269721984863e-01
-8.237504363059997559e-01
-8.238666057586669922e-01
-8.240497112274169922e-01
-8.243318200111389160e-01
-8.245710730552673340e-01
-8.247342705726623535e-01
-8.248842358589172363e-01
-8.250684142112731934e-01
-8.252993822097778320e-01
-8.256238102912902832e-01
-8.259745240211486816e-01
-8.262888193130493164e-01
-8.266621828079223633e-01
-8.270387649536132812e-01
-8.275042772293090820e-01
-8.279225230216979980e-01
-8.281363844871520996e-01
-8.282673954963684082e-01
-8.284174203872680664e-01
-8.285784125328063965e-01
-8.287927508354187012e-01
-8.289605379104614258e-01
-8.291068673133850098e-01
-8.292570114135742188e-01
-8.248082995414733887e-01
-8.293109536170959473e-01
-8.296450376510620117e-01
-8.300699591636657715e-01
-8.306825757026672363e-01
-8.312292098999023438e-01
-8.316583633422851562e-01
-8.319802880287170410e-01
-8.321731686592102051e-01
-8.321191072463989258e-01
-8.322972059249877930e-01
-8.325431346893310547e-01
-8.326800465583801270e-01
-8.329212665557861328e-01
-8.331588506698608398e-01
-8.334001898765563965e-01
-8.335557579994201660e-01
-8.338078856468200684e-01
-8.341076374053955078e-01
-8.342616558074951172e-01
-8.344696760177612305e-01
-8.347972631454467773e-01
-8.350441455841064453e-01
-8.352916240692138672e-01
-8.354818224906921387e-01
-8.357105851173400879e-01
-8.360186219215393066e-01
-8.361833691596984863e-01
-8.364482522010803223e-01
-8.367125391960144043e-01
-8.370990753173828125e-01
-8.373649120330810547e-01
-8.375542759895324707e-01
-8.377887010574340820e-01
-8.380834460258483887e-01
-8.382527828216552734e-01
-8.384136557579040527e-01
-8.385173082351684570e-01
-8.385851383209228516e-01
-8.386344909667968750e-01
-8.386831283569335938e-01
-8.387373089790344238e-01
-8.387879133224487305e-01
-8.388251662254333496e-01
-8.388686776161193848e-01
-8.389055728912353516e-01
-8.389605879783630371e-01
-8.390266895294189453e-01
-8.390905857086181641e-01
-8.391578793525695801e-01
-8.392556309700012207e-01
-8.393691182136535645e-01
-8.394809365272521973e-01
-8.395536541938781738e-01
-8.396148085594177246e-01
-8.396698236465454102e-01
-8.397445678710937500e-01
-8.398109078407287598e-01
-8.399200439453125000e-01
-8.400713801383972168e-01
-8.402135968208312988e-01
-8.404266238212585449e-01
-8.406879901885986328e-01
-8.410457968711853027e-01
-8.413249850273132324e-01
-8.415837883949279785e-01
-8.417636752128601074e-01
-8.419926762580871582e-01
-8.421930670738220215e-01
-8.423086404800415039e-01
-8.424876332283020020e-01
-8.426061272621154785e-01
-8.426973819732666016e-01
-8.428323268890380859e-01
-8.430179953575134277e-01
-8.432282805442810059e-01
-8.433599472045898438e-01
-8.434831500053405762e-01
-8.436043262481689453e-01
-8.436803817749023438e-01
-8.437569737434387207e-01
-8.438352942466735840e-01
-8.438952565193176270e-01
-8.439359068870544434e-01
-8.439698815345764160e-01
-8.440266251564025879e-01
-8.441007733345031738e-01
-8.441753983497619629e-01
-8.442384600639343262e-01
-8.443202972412109375e-01
-8.444435000419616699e-01
-8.445619940757751465e-01
-8.446869254112243652e-01
-8.448426723480224609e-01
-8.449878096580505371e-01
-8.451851010322570801e-01
-8.454464673995971680e-01
-8.456426262855529785e-01
-8.457654714584350586e-01
-8.458989262580871582e-01
-8.459845781326293945e-01
-8.460415005683898926e-01
-8.461114764213562012e-01
-8.461502790451049805e-01
-8.461781144142150879e-01
-8.462276458740234375e-01
-8.462758660316467285e-01
-8.462222218513488770e-01
-8.463013172149658203e-01
-8.463376164436340332e-01
-8.463913798332214355e-01
-8.464593887329101562e-01
-8.465332388877868652e-01
-8.465987443923950195e-01
-8.466792106628417969e-01
-8.467589020729064941e-01
-8.468207716941833496e-01
-8.468787074089050293e-01
-8.469712138175964355e-01
-8.470502495765686035e-01
-8.471319675445556641e-01
-8.472217321395874023e-01
-8.472593426704406738e-01
-8.473203778266906738e-01
-8.473482131958007812e-01
-8.473759293556213379e-01
-8.474160432815551758e-01
-8.474591970443725586e-01
-8.475257158279418945e-01
-8.475698828697204590e-01
-8.476496338844299316e-01
-8.477567434310913086e-01
-8.478614687919616699e-01
-8.479485511779785156e-01
-8.480358719825744629e-01
-8.480455875396728516e-01
-8.481419086456298828e-01
-8.482380509376525879e-01
-8.484753370285034180e-01
-8.486988544464111328e-01
-8.483833074569702148e-01
-8.487535715103149414e-01
-8.489543199539184570e-01
-8.491451144218444824e-01
-8.493751883506774902e-01
-8.495929241180419922e-01
-8.498294949531555176e-01
-8.498069643974304199e-01
-8.499631881713867188e-01
-8.501126170158386230e-01
-8.503237366676330566e-01
-8.505597114562988281e-01
-8.508465290069580078e-01
-8.510781526565551758e-01
-8.512755036354064941e-01
-8.513940572738647461e-01
-8.515841364860534668e-01
-8.517600297927856445e-01
-8.519178628921508789e-01
-8.520979881286621094e-01
-8.522633314132690430e-01
-8.524597287178039551e-01
-8.526739478111267090e-01
-8.528431653976440430e-01
-8.530430793762207031e-01
-8.532443642616271973e-01
-8.535006642341613770e-01
-8.536971211433410645e-01
-8.539564013481140137e-01
-8.542873263359069824e-01
-8.547679185867309570e-01
-8.552264571189880371e-01
-8.556897640228271484e-01
-8.559636473655700684e-01
-8.563709259033203125e-01
-8.565581440925598145e-01
-8.568780422210693359e-01
-8.571751117706298828e-01
-8.573209047317504883e-01
-8.575094938278198242e-01
-8.576688766479492188e-01
-8.578033447265625000e-01
-8.579513430595397949e-01
-8.580720424652099609e-01
-8.582355976104736328e-01
-8.584627509117126465e-01
-8.586499691009521484e-01
-8.588794469833374023e-01
-8.590573072433471680e-01
-8.594208955764770508e-01
-8.598011136054992676e-01
-8.601899147033691406e-01
-8.605809807777404785e-01
-8.604918122291564941e-01
-8.607523441314697266e-01
-8.611924052238464355e-01
-8.616237640380859375e-01
-8.621260523796081543e-01
-8.625953793525695801e-01
-8.627270460128784180e-01
-8.630579710006713867e-01
-8.632124662399291992e-01
-8.634313344955444336e-01
-8.635836839675903320e-01
-8.637543320655822754e-01
-8.638904690742492676e-01
-8.640163540840148926e-01
-8.641000986099243164e-01
-8.642054200172424316e-01
-8.643299341201782227e-01
-8.644413352012634277e-01
-8.644084334373474121e-01
-8.645245432853698730e-01
-8.646175861358642578e-01
-8.647658824920654297e-01
-8.648904561996459961e-01
-8.649794459342956543e-01
-8.650782108306884766e-01
-8.651371598243713379e-01
-8.652768731117248535e-01
-8.654037117958068848e-01
-8.655385971069335938e-01
-8.656719326972961426e-01
-8.658019900321960449e-01
-8.659681677818298340e-01
-8.661974072456359863e-01
-8.663395643234252930e-01
-8.665733933448791504e-01
-8.666962981224060059e-01
-8.669275641441345215e-01
-8.669526576995849609e-01
-8.670727014541625977e-01
-8.671937584877014160e-01
-8.673000931739807129e-01
-8.673403263092041016e-01
-8.674780726432800293e-01
-8.675392270088195801e-01
-8.676423430442810059e-01
-8.677813410758972168e-01
-8.677557706832885742e-01
-8.678559660911560059e-01
-8.679779767990112305e-01
-8.681154847145080566e-01
-8.682711720466613770e-01
-8.684136271476745605e-01
-8.685832023620605469e-01
-8.687438368797302246e-01
-8.688843846321105957e-01
-8.689798116683959961e-01
-8.690574765205383301e-01
-8.691040277481079102e-01
-8.691573143005371094e-01
-8.691875338554382324e-01
-8.692221641540527344e-01
-8.692467212677001953e-01
-8.692877888679504395e-01
-8.693153262138366699e-01
-8.693553209304809570e-01
-8.691621422767639160e-01
-8.693609237670898438e-01
-8.694100975990295410e-01
-8.694648742675781250e-01
-8.695028424263000488e-01
-8.695416450500488281e-01
-8.695917129516601562e-01
-8.696430325508117676e-01
-8.697217106819152832e-01
-8.698214292526245117e-01
-8.696197271347045898e-01
-8.698324561119079590e-01
-8.699073791503906250e-01
-8.699618577957153320e-01
-8.699946999549865723e-01
-8.700208067893981934e-01
-8.700538277626037598e-01
-8.700735569000244141e-01
-8.701210021972656250e-01
-8.701750040054321289e-01
-8.702112436294555664e-01
-8.702158927917480469e-01
-8.702684640884399414e-01
-8.703097105026245117e-01
-8.703687787055969238e-01
-8.704268336296081543e-01
-8.705012202262878418e-01
-8.702357411384582520e-01
-8.705289959907531738e-01
-8.705794215202331543e-01
-8.706295490264892578e-01
-8.706622123718261719e-01
-8.706887364387512207e-01
-8.707280158996582031e-01
-8.707598447799682617e-01
-8.707875609397888184e-01
-8.708045482635498047e-01
-8.708323836326599121e-01
-8.708304762840270996e-01
-8.708242177963256836e-01
-8.708232641220092773e-01
-8.708276748657226562e-01
-8.708323836326599121e-01
