1.174908280372619629e+00
1.092746376991271973e+00
1.016188383102416992e+00
9.477789998054504395e-01
8.158617019653320312e-01
6.689387559890747070e-01
5.829167366027832031e-01
5.600609183311462402e-01
5.220396518707275391e-01
4.902868270874023438e-01
4.619712829589843750e-01
4.428049623966217041e-01
4.121892154216766357e-01
3.930452764034271240e-01
3.827334940433502197e-01
3.772820830345153809e-01
3.724150359630584717e-01
3.674090206623077393e-01
3.606332838535308838e-01
3.482366502285003662e-01
3.285507559776306152e-01
3.162219226360321045e-01
3.114045858383178711e-01
3.040708601474761963e-01
2.997533380985260010e-01
2.961392700672149658e-01
2.937635779380798340e-01
2.922835946083068848e-01
2.909660339355468750e-01
2.894391715526580811e-01
2.869478464126586914e-01
2.829050421714782715e-01
2.770432233810424805e-01
2.697842121124267578e-01
2.615101635456085205e-01
2.584136724472045898e-01
2.519249916076660156e-01
2.493782192468643188e-01
2.481143921613693237e-01
2.473191916942596436e-01
2.466464936733245850e-01
2.458127737045288086e-01
2.446527779102325439e-01
2.427875250577926636e-01
2.410809248685836792e-01
2.397541254758834839e-01
2.378534078598022461e-01
2.354808002710342407e-01
2.322946637868881226e-01
2.277511358261108398e-01
2.236622720956802368e-01
2.232166826725006104e-01
2.204435318708419800e-01
2.181794196367263794e-01
2.162118405103683472e-01
2.154094576835632324e-01
2.146913409233093262e-01
2.138992697000503540e-01
2.126864194869995117e-01
2.106476277112960815e-01
2.084667384624481201e-01
2.057239264249801636e-01
2.018989920616149902e-01
1.985224038362503052e-01
1.956562697887420654e-01
1.931639760732650757e-01
1.905133128166198730e-01
1.833986192941665649e-01
1.726682782173156738e-01
1.780633181333541870e-01
1.692822277545928955e-01
1.630780398845672607e-01
1.616337150335311890e-01
1.592180281877517700e-01
1.572664380073547363e-01
1.541330665349960327e-01
1.501200199127197266e-01
1.468820273876190186e-01
1.455609798431396484e-01
1.444402486085891724e-01
1.439118385314941406e-01
1.434458196163177490e-01
1.430581808090209961e-01
1.426289826631546021e-01
1.420514434576034546e-01
1.406720131635665894e-01
1.379734873771667480e-01
1.341515928506851196e-01
1.302635967731475830e-01
1.269473433494567871e-01
1.231689378619194031e-01
1.202385574579238892e-01
1.175253167748451233e-01
1.153114661574363708e-01
1.139657199382781982e-01
1.130396127700805664e-01
1.118370965123176575e-01
1.101163849234580994e-01
1.070986390113830566e-01
1.014267206192016602e-01
9.740070253610610962e-02
9.554469585418701172e-02
9.144581854343414307e-02
8.545437455177307129e-02
8.083571493625640869e-02
7.873147726058959961e-02
7.689439505338668823e-02
7.639851421117782593e-02
7.528408616781234741e-02
7.451406121253967285e-02
7.308581471443176270e-02
7.090846449136734009e-02
6.818243861198425293e-02
6.319003552198410034e-02
5.789954215288162231e-02
5.518447607755661011e-02
5.157100781798362732e-02
4.768513888120651245e-02
4.497690871357917786e-02
4.336884617805480957e-02
4.147533327341079712e-02
3.785676509141921997e-02
3.225383162498474121e-02
2.540766447782516479e-02
1.832475326955318451e-02
1.215640641748905182e-02
5.491222254931926727e-03
5.918157403357326984e-04
-2.387542044743895531e-03
-6.270627956837415695e-03
-9.099699556827545166e-03
-1.363990176469087601e-02
-1.717112958431243896e-02
-2.156207151710987091e-02
-2.533457428216934204e-02
-3.092252276837825775e-02
-3.507902473211288452e-02
-4.027971997857093811e-02
-4.302747920155525208e-02
-4.520340636372566223e-02
-4.852519929409027100e-02
-5.081364512443542480e-02
-5.274878442287445068e-02
-5.463483929634094238e-02
-5.694112554192543030e-02
-6.015181913971900940e-02
-6.363870948553085327e-02
-6.796037405729293823e-02
-7.179094851016998291e-02
-7.601102441549301147e-02
-7.976967841386795044e-02
-8.286401629447937012e-02
-8.531101793050765991e-02
-8.714248985052108765e-02
-9.145749360322952271e-02
-9.717075526714324951e-02
-1.015571430325508118e-01
-1.047599017620086670e-01
-1.073140874505043030e-01
-1.088647842407226562e-01
-1.104026064276695251e-01
-1.117435246706008911e-01
-1.130072176456451416e-01
-1.138806566596031189e-01
-1.156074106693267822e-01
-1.181844919919967651e-01
-1.204507350921630859e-01
-1.225640103220939636e-01
-1.253559738397598267e-01
-1.284945905208587646e-01
-1.324764341115951538e-01
-1.364469826221466064e-01
-1.386699825525283813e-01
-1.398060321807861328e-01
-1.404244750738143921e-01
-1.414349079132080078e-01
-1.456384807825088501e-01
-1.529211103916168213e-01
-1.577952802181243896e-01
-1.627314835786819458e-01
-1.650541871786117554e-01
-1.662282794713973999e-01
-1.687635332345962524e-01
-1.702293753623962402e-01
-1.723255217075347900e-01
-1.741760820150375366e-01
-1.758909672498703003e-01
-1.775323301553726196e-01
-1.796985566616058350e-01
-1.821911185979843140e-01
-1.846899986267089844e-01
-1.871459633111953735e-01
-1.905957162380218506e-01
-1.953117996454238892e-01
-1.991952210664749146e-01
-1.982649117708206177e-01
-2.021045684814453125e-01
-2.048220336437225342e-01
-2.075016796588897705e-01
-2.089313417673110962e-01
-2.101469486951828003e-01
-2.111761420965194702e-01
-2.144898772239685059e-01
-2.177312970161437988e-01
-2.206963151693344116e-01
-2.235675901174545288e-01
-2.261004447937011719e-01
-2.283691018819808960e-01
-2.297389656305313110e-01
-2.313471138477325439e-01
-2.331312894821166992e-01
-2.350519597530364990e-01
-2.379804849624633789e-01
-2.412417829036712646e-01
-2.451634109020233154e-01
-2.483929842710494995e-01
-2.510262131690979004e-01
-2.529816925525665283e-01
-2.546488046646118164e-01
-2.561192512512207031e-01
-2.572037577629089355e-01
-2.583796083927154541e-01
-2.599891722202301025e-01
-2.618824541568756104e-01
-2.645837366580963135e-01
-2.687267065048217773e-01
-2.743303477764129639e-01
-2.801291048526763916e-01
-2.846835851669311523e-01
-2.888007462024688721e-01
-2.928610146045684814e-01
-2.945758402347564697e-01
-2.961044013500213623e-01
-2.970857024192810059e-01
-2.982009947299957275e-01
-2.995693683624267578e-01
-3.014391958713531494e-01
-3.037528097629547119e-01
-3.057390153408050537e-01
-3.075698614120483398e-01
-3.090815246105194092e-01
-3.116064369678497314e-01
-3.145770430564880371e-01
-3.171176612377166748e-01
-3.187147676944732666e-01
-3.198860585689544678e-01
-3.203899860382080078e-01
-3.210548162460327148e-01
-3.215175271034240723e-01
-3.220921158790588379e-01
-3.226609528064727783e-01
-3.233199715614318848e-01
-3.242357373237609863e-01
-3.253654837608337402e-01
-3.268419802188873291e-01
-3.283838331699371338e-01
-3.301025629043579102e-01
-3.317136764526367188e-01
-3.333666622638702393e-01
-3.342957198619842529e-01
-3.351185023784637451e-01
-3.356230258941650391e-01
-3.359865844249725342e-01
-3.363719582557678223e-01
-3.368395268917083740e-01
-3.374729156494140625e-01
-3.383687436580657959e-01
-3.393434882164001465e-01
-3.404562175273895264e-01
-3.415670990943908691e-01
-3.427523672580718994e-01
-3.436331748962402344e-01
-3.445282280445098877e-01
-3.453900516033172607e-01
-3.462311625480651855e-01
-3.476580977439880371e-01
-3.492404222488403320e-01
-3.506883084774017334e-01
-3.525964617729187012e-01
-3.547950088977813721e-01
-3.571707606315612793e-01
-3.595198988914489746e-01
-3.616581559181213379e-01
-3.634254634380340576e-01
-3.650054037570953369e-01
-3.660470247268676758e-01
-3.669418990612030029e-01
-3.679068684577941895e-01
-3.691425919532775879e-01
-3.704254925251007080e-01
-3.715368807315826416e-01
-3.724529743194580078e-01
-3.737104535102844238e-01
-3.747082352638244629e-01
-3.757237493991851807e-01
-3.769403100013732910e-01
-3.785860836505889893e-01
-3.802175223827362061e-01
-3.818273842334747314e-01
-3.829978108406066895e-01
-3.845188617706298828e-01
-3.860000371932983398e-01
-3.874812126159667969e-01
-3.893077671527862549e-01
-3.915077447891235352e-01
-3.946402072906494141e-01
-3.985710144042968750e-01
-4.018886089324951172e-01
-4.037527441978454590e-01
-4.051990211009979248e-01
-4.065918326377868652e-01
-4.079760909080505371e-01
-4.095262289047241211e-01
-4.111522138118743896e-01
-4.127494394779205322e-01
-4.141380786895751953e-01
-4.155350625514984131e-01
-4.169048070907592773e-01
-4.184390306472778320e-01
-4.200169742107391357e-01
-4.213578999042510986e-01
-4.223333001136779785e-01
-4.233004748821258545e-01
-4.241342544555664062e-01
-4.249164462089538574e-01
-4.258238375186920166e-01
-4.266766309738159180e-01
-4.278807938098907471e-01
-4.292093217372894287e-01
-4.306564629077911377e-01
-4.320181012153625488e-01
-4.334628582000732422e-01
-4.352756142616271973e-01
-4.372991621494293213e-01
-4.390711188316345215e-01
-4.409835934638977051e-01
-4.429253935813903809e-01
-4.439815282821655273e-01
-4.450651407241821289e-01
-4.461549520492553711e-01
-4.469347596168518066e-01
-4.477728605270385742e-01
-4.486995041370391846e-01
-4.497728049755096436e-01
-4.509609043598175049e-01
-4.524496495723724365e-01
-4.540894925594329834e-01
-4.554100036621093750e-01
-4.564350247383117676e-01
-4.572080671787261963e-01
-4.582222104072570801e-01
-4.596162140369415283e-01
-4.605254232883453369e-01
-4.613278508186340332e-01
-4.619085788726806641e-01
-4.623809456825256348e-01
-4.630130827426910400e-01
-4.637322127819061279e-01
-4.643076360225677490e-01
-4.648420214653015137e-01
-4.654261469841003418e-01
-4.659246802330017090e-01
-4.664209187030792236e-01
-4.669047296047210693e-01
-4.677115380764007568e-01
-4.687523543834686279e-01
-4.697385430335998535e-01
-4.708013236522674561e-01
-4.718900620937347412e-01
-4.730607271194458008e-01
-4.740722179412841797e-01
-4.750019311904907227e-01
-4.759866297245025635e-01
-4.772578179836273193e-01
-4.787409901618957520e-01
-4.800747036933898926e-01
-4.813032448291778564e-01
-4.822143316268920898e-01
-4.828775525093078613e-01
-4.835484027862548828e-01
-4.841833710670471191e-01
-4.855095446109771729e-01
-4.867337346076965332e-01
-4.874178171157836914e-01
-4.879729151725769043e-01
-4.886447787284851074e-01
-4.893854856491088867e-01
-4.900384843349456787e-01
-4.905937910079956055e-01
-4.914383590221405029e-01
-4.924114048480987549e-01
-4.933744668960571289e-01
-4.943973720073699951e-01
-4.955823719501495361e-01
-4.970417022705078125e-01
-4.985353946685791016e-01
-5.003916025161743164e-01
-5.016866326332092285e-01
-5.030877590179443359e-01
-5.049800276756286621e-01
-5.064496994018554688e-01
-5.074535608291625977e-01
-5.083521008491516113e-01
-5.091060400009155273e-01
-5.097064375877380371e-01
-5.105311870574951172e-01
-5.114137530326843262e-01
-5.123186111450195312e-01
-5.130219459533691406e-01
-5.136919617652893066e-01
-5.142790675163269043e-01
-5.150657296180725098e-01
-5.162115693092346191e-01
-5.175010561943054199e-01
-5.185917615890502930e-01
-5.196628570556640625e-01
-5.206121206283569336e-01
-5.215355753898620605e-01
-5.228538513183593750e-01
-5.244404077529907227e-01
-5.256984829902648926e-01
-5.269466042518615723e-01
-5.282976627349853516e-01
-5.292173624038696289e-01
-5.298030972480773926e-01
-5.302654504776000977e-01
-5.306856036186218262e-01
-5.309836864471435547e-01
-5.314486622810363770e-01
-5.321060419082641602e-01
-5.327138900756835938e-01
-5.333470702171325684e-01
-5.341452360153198242e-01
-5.350905656814575195e-01
-5.361486077308654785e-01
-5.374059081077575684e-01
-5.387605428695678711e-01
-5.398366451263427734e-01
-5.407153964042663574e-01
-5.414494276046752930e-01
-5.421748161315917969e-01
-5.428059101104736328e-01
-5.433854460716247559e-01
-5.439841747283935547e-01
-5.446961522102355957e-01
-5.453092455863952637e-01
-5.458820462226867676e-01
-5.465778708457946777e-01
-5.475209951400756836e-01
-5.487269759178161621e-01
-5.500286817550659180e-01
-5.514194369316101074e-01
-5.527655482292175293e-01
-5.538257956504821777e-01
-5.545797944068908691e-01
-5.550699234008789062e-01
-5.557487010955810547e-01
-5.564515590667724609e-01
-5.569847226142883301e-01
-5.575992465019226074e-01
-5.583318471908569336e-01
-5.592315793037414551e-01
-5.602221488952636719e-01
-5.612438321113586426e-01
-5.620138049125671387e-01
-5.627187490463256836e-01
-5.639422535896301270e-01
-5.654189586639404297e-01
-5.666669607162475586e-01
-5.675508379936218262e-01
-5.681319832801818848e-01
-5.690109133720397949e-01
-5.698121190071105957e-01
-5.703088641166687012e-01
-5.706245899200439453e-01
-5.709059834480285645e-01
-5.713036060333251953e-01
-5.718449354171752930e-01
-5.724472403526306152e-01
-5.731496810913085938e-01
-5.739997029304504395e-01
-5.748182535171508789e-01
-5.753503441810607910e-01
-5.758920311927795410e-01
-5.762876868247985840e-01
-5.768055319786071777e-01
-5.774664282798767090e-01
-5.782173275947570801e-01
-5.791788697242736816e-01
-5.802975893020629883e-01
-5.813645720481872559e-01
-5.822185277938842773e-01
-5.827608108520507812e-01
-5.831561684608459473e-01
-5.834088325500488281e-01
-5.836044549942016602e-01
-5.838690400123596191e-01
-5.842552185058593750e-01
-5.847681164741516113e-01
-5.853549242019653320e-01
-5.860629081726074219e-01
-5.868909955024719238e-01
-5.878556370735168457e-01
-5.888955593109130859e-01
-5.899445414543151855e-01
-5.912644863128662109e-01
-5.929031968116760254e-01
-5.945986509323120117e-01
-5.957785248756408691e-01
-5.966029167175292969e-01
-5.972697734832763672e-01
-5.977150201797485352e-01
-5.980434417724609375e-01
-5.983666181564331055e-01
-5.987020730972290039e-01
-5.991424322128295898e-01
-5.996100306510925293e-01
-6.000673174858093262e-01
-6.006805300712585449e-01
-6.012861132621765137e-01
-6.019960641860961914e-01
-6.029181480407714844e-01
-6.044458150863647461e-01
-6.062220931053161621e-01
-6.078289151191711426e-01
-6.091341376304626465e-01
-6.100035905838012695e-01
-6.101187467575073242e-01
-6.107575297355651855e-01
-6.111195683479309082e-01
-6.113914251327514648e-01
-6.116598844528198242e-01
-6.120448708534240723e-01
-6.125022768974304199e-01
-6.130886077880859375e-01
-6.137270331382751465e-01
-6.144735217094421387e-01
-6.153652071952819824e-01
-6.161182522773742676e-01
-6.169566512107849121e-01
-6.174041628837585449e-01
-6.177633404731750488e-01
-6.180408596992492676e-01
-6.182568669319152832e-01
-6.187962293624877930e-01
-6.194301247596740723e-01
-6.199794411659240723e-01
-6.204576492309570312e-01
-6.207877993583679199e-01
-6.211435794830322266e-01
-6.215025782585144043e-01
-6.218902468681335449e-01
-6.223133206367492676e-01
-6.227691769599914551e-01
-6.232540607452392578e-01
-6.237882375717163086e-01
-6.243723630905151367e-01
-6.249791979789733887e-01
-6.255208253860473633e-01
-6.261034011840820312e-01
-6.267155408859252930e-01
-6.274507641792297363e-01
-6.282817721366882324e-01
-6.290323138236999512e-01
-6.296260952949523926e-01
-6.300995945930480957e-01
-6.307088136672973633e-01
-6.315129399299621582e-01
-6.325242519378662109e-01
-6.335217356681823730e-01
-6.346051692962646484e-01
-6.357643008232116699e-01
-6.373383402824401855e-01
-6.390757560729980469e-01
-6.401894092559814453e-01
-6.409248113632202148e-01
-6.413873434066772461e-01
-6.420596241950988770e-01
-6.426960825920104980e-01
-6.431532502174377441e-01
-6.437076926231384277e-01
-6.443578600883483887e-01
-6.449581980705261230e-01
-6.454358100891113281e-01
-6.459479928016662598e-01
-6.464555859565734863e-01
-6.470098495483398438e-01
-6.475992798805236816e-01
-6.481767892837524414e-01
-6.488341093063354492e-01
-6.498390436172485352e-01
-6.514400243759155273e-01
-6.535556316375732422e-01
-6.556919813156127930e-01
-6.577066183090209961e-01
-6.588361859321594238e-01
-6.597846150398254395e-01
-6.604490876197814941e-01
-6.610792279243469238e-01
-6.615637540817260742e-01
-6.620582938194274902e-01
-6.625754237174987793e-01
-6.631284356117248535e-01
-6.638534069061279297e-01
-6.645216941833496094e-01
-6.651109457015991211e-01
-6.657327413558959961e-01
-6.665564179420471191e-01
-6.675092577934265137e-01
-6.690125465393066406e-01
-6.709839105606079102e-01
-6.734675168991088867e-01
-6.755278706550598145e-01
-6.767213940620422363e-01
-6.774879097938537598e-01
-6.781491041183471680e-01
-6.784363985061645508e-01
-6.787008047103881836e-01
-6.789233088493347168e-01
-6.792742609977722168e-01
-6.796586513519287109e-01
-6.800035238265991211e-01
-6.802455186843872070e-01
-6.804288029670715332e-01
-6.806729435920715332e-01
-6.809277534484863281e-01
-6.812002658843994141e-01
-6.815772652626037598e-01
-6.820375323295593262e-01
-6.825821399688720703e-01
-6.832796335220336914e-01
-6.839466094970703125e-01
-6.844604015350341797e-01
-6.847622990608215332e-01
-6.850432157516479492e-01
-6.852203011512756348e-01
-6.854736804962158203e-01
-6.857493519783020020e-01
-6.860248446464538574e-01
-6.863312125205993652e-01
-6.866841912269592285e-01
-6.870979666709899902e-01
-6.875503659248352051e-01
-6.881694197654724121e-01
-6.896316409111022949e-01
-6.918615102767944336e-01
-6.942135095596313477e-01
-6.972550749778747559e-01
-6.990599632263183594e-01
-7.005692124366760254e-01
-7.016454339027404785e-01
-7.025225758552551270e-01
-7.030677199363708496e-01
-7.034361958503723145e-01
-7.038598060607910156e-01
-7.041588425636291504e-01
-7.043429613113403320e-01
-7.045463919639587402e-01
-7.047829627990722656e-01
-7.051087021827697754e-01
-7.055383324623107910e-01
-7.058895230293273926e-01
-7.063949108123779297e-01
-7.070196866989135742e-01
-7.076135277748107910e-01
-7.082256078720092773e-01
-7.086829543113708496e-01
-7.094457149505615234e-01
-7.104857563972473145e-01
-7.119222879409790039e-01
-7.133867144584655762e-01
-7.149131298065185547e-01
-7.166944742202758789e-01
-7.182215452194213867e-01
-7.194306850433349609e-01
-7.204372882843017578e-01
-7.212839126586914062e-01
-7.220794558525085449e-01
-7.228943705558776855e-01
-7.234665155410766602e-01
-7.240189313888549805e-01
-7.245603799819946289e-01
-7.251307964324951172e-01
-7.256310582160949707e-01
-7.261753082275390625e-01
-7.268019914627075195e-01
-7.274645566940307617e-01
-7.282915711402893066e-01
-7.290899753570556641e-01
-7.297020554542541504e-01
-7.302159070968627930e-01
-7.306913733482360840e-01
-7.311267852783203125e-01
-7.316739559173583984e-01
-7.324351668357849121e-01
-7.333777546882629395e-01
-7.345016598701477051e-01
-7.356088757514953613e-01
-7.365958690643310547e-01
-7.374570965766906738e-01
-7.383401393890380859e-01
-7.389519810676574707e-01
-7.394714355468750000e-01
-7.397757768630981445e-01
-7.400181889533996582e-01
-7.402871251106262207e-01
-7.406061887741088867e-01
-7.410488128662109375e-01
-7.416531443595886230e-01
-7.424381375312805176e-01
-7.433964014053344727e-01
-7.443925142288208008e-01
-7.451917529106140137e-01
-7.459042668342590332e-01
-7.464969158172607422e-01
-7.471194267272949219e-01
-7.477349042892456055e-01
-7.483702898025512695e-01
-7.490326762199401855e-01
-7.497293949127197266e-01
-7.502322196960449219e-01
-7.504928112030029297e-01
-7.507927417755126953e-01
-7.511229515075683594e-01
-7.514616250991821289e-01
-7.518380880355834961e-01
-7.522665858268737793e-01
-7.527042627334594727e-01
-7.530537843704223633e-01
-7.532613277435302734e-01
-7.534426450729370117e-01
-7.536436915397644043e-01
-7.538145184516906738e-01
-7.539665102958679199e-01
-7.541346549987792969e-01
-7.543480992317199707e-01
-7.545928359031677246e-01
-7.549687623977661133e-01
-7.555398344993591309e-01
-7.562254071235656738e-01
-7.568479776382446289e-01
-7.573707103729248047e-01
-7.577102780342102051e-01
-7.579738497734069824e-01
-7.582314014434814453e-01
-7.584969997406005859e-01
-7.588081955909729004e-01
-7.591763138771057129e-01
-7.595526576042175293e-01
-7.599157094955444336e-01
-7.604115009307861328e-01
-7.608086466789245605e-01
-7.611017227172851562e-01
-7.613229155540466309e-01
-7.615145444869995117e-01
-7.616744637489318848e-01
-7.618267536163330078e-01
-7.619892954826354980e-01
-7.621771693229675293e-01
-7.623784542083740234e-01
-7.625685930252075195e-01
-7.627290487289428711e-01
-7.628560066223144531e-01
-7.629650235176086426e-01
-7.631045579910278320e-01
-7.632832527160644531e-01
-7.634880542755126953e-01
-7.637350559234619141e-01
-7.641124725341796875e-01
-7.644872069358825684e-01
-7.647986412048339844e-01
-7.649797797203063965e-01
-7.652067542076110840e-01
-7.655651569366455078e-01
-7.661607265472412109e-01
-7.670811414718627930e-01
-7.678194642066955566e-01
-7.689154148101806641e-01
-7.691992521286010742e-01
-7.694685459136962891e-01
-7.696668505668640137e-01
-7.706186771392822266e-01
-7.712331414222717285e-01
-7.715597748756408691e-01
-7.719470858573913574e-01
-7.724177837371826172e-01
-7.726743221282958984e-01
-7.728883624076843262e-01
-7.731279134750366211e-01
-7.734255194664001465e-01
-7.738003730773925781e-01
-7.741353511810302734e-01
-7.745679020881652832e-01
-7.752032279968261719e-01
-7.757579088211059570e-01
-7.761693000793457031e-01
-7.764831185340881348e-01
-7.768785953521728516e-01
-7.772419452667236328e-01
-7.775411009788513184e-01
-7.778030037879943848e-01
-7.780437469482421875e-01
-7.783125042915344238e-01
-7.786447405815124512e-01
-7.790327072143554688e-01
-7.794433832168579102e-01
-7.799041271209716797e-01
-7.804111838340759277e-01
-7.809182405471801758e-01
-7.813484072685241699e-01
-7.817168831825256348e-01
-7.820852994918823242e-01
-7.824671864509582520e-01
-7.829067111015319824e-01
-7.833184003829956055e-01
-7.838052511215209961e-01
-7.843984961509704590e-01
-7.849943637847900391e-01
-7.853955030441284180e-01
-7.858431935310363770e-01
-7.860790491104125977e-01
-7.865741848945617676e-01
-7.870290875434875488e-01
-7.874345183372497559e-01
-7.879254221916198730e-01
-7.887796759605407715e-01
-7.898284792900085449e-01
-7.908008694648742676e-01
-7.920094132423400879e-01
-7.927809357643127441e-01
-7.935914993286132812e-01
-7.945566177368164062e-01
-7.954349517822265625e-01
-7.959297299385070801e-01
-7.963998913764953613e-01
-7.968754172325134277e-01
-7.972654104232788086e-01
-7.975649237632751465e-01
-7.979262471199035645e-01
-7.982697486877441406e-01
-7.986540198326110840e-01
-7.990353107452392578e-01
-7.994180321693420410e-01
-7.996518611907958984e-01
-7.998477220535278320e-01
-8.000255823135375977e-01
-8.001877069473266602e-01
-8.004247546195983887e-01
-8.006882667541503906e-01
-8.009276390075683594e-01
-8.011201024055480957e-01
-8.013576269149780273e-01
-8.015807867050170898e-01
-8.017920851707458496e-01
-8.019672036170959473e-01
-8.022330403327941895e-01
-8.025427460670471191e-01
-8.028198480606079102e-01
-8.030291795730590820e-01
-8.031929731369018555e-01
-8.033482432365417480e-01
-8.034679293632507324e-01
-8.035786151885986328e-01
-8.037427067756652832e-01
-8.039479851722717285e-01
-8.041713833808898926e-01
-8.045464158058166504e-01
-8.050461411476135254e-01
-8.055225610733032227e-01
-8.060765862464904785e-01
-8.064854145050048828e-01
-8.068953156471252441e-01
-8.073666691780090332e-01
-8.079167008399963379e-01
-8.086169362068176270e-01
-8.090277314186096191e-01
-8.098212480545043945e-01
-8.104964494705200195e-01
-8.110743165016174316e-01
-8.114552497863769531e-01
-8.117977976799011230e-01
-8.120876550674438477e-01
-8.124305605888366699e-01
-8.127298951148986816e-01
-8.129574060440063477e-01
-8.132677078247070312e-01
-8.135743737220764160e-01
-8.139199614524841309e-01
-8.143627643585205078e-01
-8.148589730262756348e-01
-8.155154585838317871e-01
-8.160307407379150391e-01
-8.165412545204162598e-01
-8.171679973602294922e-01
-8.178431391716003418e-01
-8.184395432472229004e-01
-8.190264105796813965e-01
-8.196442723274230957e-01
-8.202248215675354004e-01
-8.206182718276977539e-01
-8.208725452423095703e-01
-8.210895657539367676e-01
-8.212805390357971191e-01
-8.215278983116149902e-01
-8.217324614524841309e-01
-8.218939900398254395e-01
-8.220874667167663574e-01
-8.223245739936828613e-01
-8.226208090782165527e-01
-8.229330182075500488e-01
-8.232397437095642090e-01
-8.236650228500366211e-01
-8.240512013435363770e-01
-8.245615363121032715e-01
-8.250901103019714355e-01
-8.256763219833374023e-01
-8.262373805046081543e-01
-8.268617987632751465e-01
-8.273486495018005371e-01
-8.276365995407104492e-01
-8.280746936798095703e-01
-8.283960223197937012e-01
-8.286145925521850586e-01
-8.288735151290893555e-01
-8.293100595474243164e-01
-8.298617601394653320e-01
-8.304463624954223633e-01
-8.313265442848205566e-01
-8.319849371910095215e-01
-8.325912952423095703e-01
-8.330308198928833008e-01
-8.333377242088317871e-01
-8.337122201919555664e-01
-8.340113162994384766e-01
-8.342006206512451172e-01
-8.344045281410217285e-01
-8.346234560012817383e-01
-8.348341584205627441e-01
-8.351691365242004395e-01
-8.357582092285156250e-01
-8.363775610923767090e-01
-8.369513750076293945e-01
-8.374888300895690918e-01
-8.379263877868652344e-01
-8.385131359100341797e-01
-8.392468094825744629e-01
-8.400744795799255371e-01
-8.409901261329650879e-01
-8.420454859733581543e-01
-8.428543210029602051e-01
-8.435018658638000488e-01
-8.440062403678894043e-01
-8.443962931632995605e-01
-8.446737527847290039e-01
-8.450168371200561523e-01
-8.453664779663085938e-01
-8.458909988403320312e-01
-8.464453220367431641e-01
-8.469802737236022949e-01
-8.475057482719421387e-01
-8.480412364006042480e-01
-8.486071228981018066e-01
-8.491737246513366699e-01
-8.501675128936767578e-01
-8.510825634002685547e-01
-8.517827987670898438e-01
-8.525418639183044434e-01
-8.531408309936523438e-01
-8.537379503250122070e-01
-8.543731570243835449e-01
-8.550236821174621582e-01
-8.555448055267333984e-01
-8.560020327568054199e-01
-8.563489317893981934e-01
-8.566561937332153320e-01
-8.569336533546447754e-01
-8.571406602859497070e-01
-8.572711944580078125e-01
-8.574025034904479980e-01
-8.575057387351989746e-01
-8.575981855392456055e-01
-8.576807975769042969e-01
-8.577665090560913086e-01
-8.579691648483276367e-01
-8.582870960235595703e-01
-8.586625456809997559e-01
-8.591083288192749023e-01
-8.596878647804260254e-01
-8.603732585906982422e-01
-8.611477017402648926e-01
-8.616392612457275391e-01
-8.621541857719421387e-01
-8.624919652938842773e-01
-8.628464341163635254e-01
-8.631053566932678223e-01
-8.634648919105529785e-01
-8.638353347778320312e-01
-8.642274737358093262e-01
-8.646165132522583008e-01
-8.650231361389160156e-01
-8.654420375823974609e-01
-8.659838438034057617e-01
-8.666195273399353027e-01
-8.672472238540649414e-01
-8.676101565361022949e-01
-8.678690195083618164e-01
-8.680537939071655273e-01
-8.681904673576354980e-01
-8.683665394783020020e-01
-8.685436248779296875e-01
-8.687440156936645508e-01
-8.689826130867004395e-01
-8.692810535430908203e-01
-8.695682883262634277e-01
-8.699821233749389648e-01
-8.702291250228881836e-01
-8.707333803176879883e-01
-8.711050748825073242e-01
-8.714079260826110840e-01
-8.717226386070251465e-01
-8.721200227737426758e-01
-8.727415204048156738e-01
-8.735903501510620117e-01
-8.744499087333679199e-01
-8.752602934837341309e-01
-8.761774897575378418e-01
-8.768898844718933105e-01
-8.775176405906677246e-01
-8.780344128608703613e-01
-8.785492181777954102e-01
-8.790131211280822754e-01
-8.793392181396484375e-01
-8.797304630279541016e-01
-8.802447915077209473e-01
-8.807560205459594727e-01
-8.812695741653442383e-01
-8.818796277046203613e-01
-8.823388218879699707e-01
-8.827461004257202148e-01
-8.831355571746826172e-01
-8.836262226104736328e-01
-8.840858936309814453e-01
-8.844985365867614746e-01
-8.847667574882507324e-01
-8.850388526916503906e-01
-8.852193355560302734e-01
-8.853852152824401855e-01
-8.855980038642883301e-01
-8.858153223991394043e-01
-8.859521150588989258e-01
-8.861042857170104980e-01
-8.862589001655578613e-01
-8.863903880119323730e-01
-8.864995241165161133e-01
-8.867161870002746582e-01
-8.860641717910766602e-01
-8.868519663810729980e-01
-8.872209787368774414e-01
-8.876506090164184570e-01
-8.883306384086608887e-01
-8.892882466316223145e-01
-8.904891610145568848e-01
-8.917683362960815430e-01
-8.933282494544982910e-01
-8.949393630027770996e-01
-8.970324993133544922e-01
-8.986618518829345703e-01
-8.998644948005676270e-01
-9.005641937255859375e-01
-9.010229110717773438e-01
-9.016098976135253906e-01
-9.022001624107360840e-01
-9.028612971305847168e-01
-9.034768939018249512e-01
-9.042914509773254395e-01
-9.049155712127685547e-01
-9.059362411499023438e-01
-9.069417119026184082e-01
-9.077560901641845703e-01
-9.084698557853698730e-01
-9.091777205467224121e-01
-9.097370505332946777e-01
-9.102853536605834961e-01
-9.106921553611755371e-01
-9.110554456710815430e-01
-9.113329052925109863e-01
-9.116335511207580566e-01
-9.117924571037292480e-01
-9.121275544166564941e-01
-9.124429821968078613e-01
-9.127628207206726074e-01
-9.130363464355468750e-01
-9.133526086807250977e-01
-9.136669635772705078e-01
-9.139243364334106445e-01
-9.141025543212890625e-01
-9.143158793449401855e-01
-9.145443439483642578e-01
-9.148014187812805176e-01
-9.150294065475463867e-01
-9.152533411979675293e-01
-9.153958559036254883e-01
-9.156772494316101074e-01
-9.161645174026489258e-01
-9.166857600212097168e-01
-9.172308444976806641e-01
-9.177544116973876953e-01
-9.185084700584411621e-01
-9.192361235618591309e-01
-9.198685884475708008e-01
-9.202805757522583008e-01
-9.205567836761474609e-01
-9.208518862724304199e-01
-9.212782979011535645e-01
-9.217262864112854004e-01
-9.223362803459167480e-01
-9.229348897933959961e-01
-9.235732555389404297e-01
-9.240291714668273926e-01
-9.245935082435607910e-01
-9.251335263252258301e-01
-9.254475831985473633e-01
-9.258475899696350098e-01
-9.262149930000305176e-01
-9.267078042030334473e-01
-9.273019433021545410e-01
-9.279417991638183594e-01
-9.286004304885864258e-01
-9.294906258583068848e-01
-9.305135011672973633e-01
-9.316213130950927734e-01
-9.325639605522155762e-01
-9.334211349487304688e-01
-9.341213703155517578e-01
-9.346657991409301758e-01
-9.349950551986694336e-01
-9.353392124176025391e-01
-9.357276558876037598e-01
-9.360853433609008789e-01
-9.363809823989868164e-01
-9.366217851638793945e-01
-9.368648529052734375e-01
-9.370693564414978027e-01
-9.372304677963256836e-01
-9.373474717140197754e-01
-9.374797344207763672e-01
-9.376837611198425293e-01
-9.379374980926513672e-01
-9.381393194198608398e-01
-9.384861588478088379e-01
-9.388397336006164551e-01
-9.391283988952636719e-01
-9.394493103027343750e-01
-9.397985935211181641e-01
-9.401336908340454102e-01
-9.404814243316650391e-01
-9.408980607986450195e-01
-9.413917660713195801e-01
-9.418672323226928711e-01
-9.423676729202270508e-01
-9.427781105041503906e-01
-9.431970119476318359e-01
-9.438675045967102051e-01
-9.445194005966186523e-01
-9.440479874610900879e-01
-9.449611306190490723e-01
-9.452764987945556641e-01
-9.456029534339904785e-01
-9.458448886871337891e-01
-9.460405707359313965e-01
-9.462482929229736328e-01
-9.463921785354614258e-01
-9.465253949165344238e-01
-9.466654658317565918e-01
-9.468356370925903320e-01
-9.470430612564086914e-01
-9.472892880439758301e-01
-9.475628137588500977e-01
-9.478052258491516113e-01
-9.480106830596923828e-01
-9.482465982437133789e-01
-9.485476613044738770e-01
-9.489280581474304199e-01
-9.494225978851318359e-01
-9.498532414436340332e-01
-9.502303600311279297e-01
-9.504553079605102539e-01
-9.507378935813903809e-01
-9.509981274604797363e-01
-9.512039422988891602e-01
-9.513659477233886719e-01
-9.515666961669921875e-01
-9.517673254013061523e-01
-9.519352912902832031e-01
-9.520764350891113281e-01
-9.521799683570861816e-01
-9.522811770439147949e-01
-9.524036645889282227e-01
-9.525943994522094727e-01
-9.528660178184509277e-01
-9.531207084655761719e-01
-9.534745216369628906e-01
-9.540415406227111816e-01
-9.545640349388122559e-01
-9.550070166587829590e-01
-9.553478956222534180e-01
-9.555550813674926758e-01
-9.559752345085144043e-01
-9.563540816307067871e-01
-9.566835761070251465e-01
-9.569869041442871094e-01
-9.573029875755310059e-01
-9.575699567794799805e-01
-9.578088521957397461e-01
-9.579573273658752441e-01
-9.581378102302551270e-01
-9.582965373992919922e-01
-9.584165215492248535e-01
-9.584761857986450195e-01
-9.585618376731872559e-01
-9.586524367332458496e-01
-9.587682485580444336e-01
-9.588963985443115234e-01
-9.590798616409301758e-01
-9.593012928962707520e-01
-9.597110748291015625e-01
-9.601642489433288574e-01
-9.605450034141540527e-01
-9.608457088470458984e-01
-9.610874056816101074e-01
-9.612435102462768555e-01
-9.614600539207458496e-01
-9.618242383003234863e-01
-9.623041152954101562e-01
-9.627716541290283203e-01
-9.633353352546691895e-01
-9.641855359077453613e-01
-9.654769301414489746e-01
-9.667449593544006348e-01
-9.680813550949096680e-01
-9.688380360603332520e-01
-9.699543118476867676e-01
-9.707930088043212891e-01
-9.714254140853881836e-01
-9.721302986145019531e-01
-9.726029038429260254e-01
-9.729027748107910156e-01
-9.731193184852600098e-01
-9.732920527458190918e-01
-9.734786152839660645e-01
-9.736725091934204102e-01
-9.738534688949584961e-01
-9.740944504737854004e-01
-9.740431308746337891e-01
-9.742942452430725098e-01
-9.747045636177062988e-01
-9.750854372978210449e-01
-9.754566550254821777e-01
-9.757606983184814453e-01
-9.760558009147644043e-01
-9.763368964195251465e-01
-9.766129255294799805e-01
-9.769037365913391113e-01
-9.771573543548583984e-01
-9.774137139320373535e-01
-9.776080250740051270e-01
-9.777367115020751953e-01
-9.779088497161865234e-01
-9.780458211898803711e-01
-9.781675934791564941e-01
-9.783326983451843262e-01
-9.785630702972412109e-01
-9.788323044776916504e-01
-9.791786074638366699e-01
-9.795522093772888184e-01
-9.800933599472045898e-01
-9.804657697677612305e-01
-9.807070493698120117e-01
-9.808442592620849609e-01
-9.810088872909545898e-01
-9.811425805091857910e-01
-9.813179969787597656e-01
-9.814735054969787598e-01
-9.816200137138366699e-01
-9.818317294120788574e-01
-9.819760322570800781e-01
-9.820731878280639648e-01
-9.821745753288269043e-01
-9.822950363159179688e-01
-9.824311137199401855e-01
-9.825671911239624023e-01
-9.826546311378479004e-01
-9.828116297721862793e-01
-9.829289317131042480e-01
-9.830266833305358887e-01
-9.831153154373168945e-01
-9.832241535186767578e-01
-9.833600521087646484e-01
-9.835097789764404297e-01
-9.836522936820983887e-01
-9.838027954101562500e-01
-9.839423894882202148e-01
-9.840776324272155762e-01
-9.842034578323364258e-01
-9.843412041664123535e-01
-9.844920635223388672e-01
-9.846598505973815918e-01
-9.848741888999938965e-01
-9.851181507110595703e-01
-9.853685498237609863e-01
-9.856618642807006836e-01
-9.859591722488403320e-01
-9.862381815910339355e-01
-9.864577054977416992e-01
-9.866237044334411621e-01
-9.868848323822021484e-01
-9.858837127685546875e-01
-9.869918823242187500e-01
-9.872688055038452148e-01
-9.875056743621826172e-01
-9.879062175750732422e-01
-9.884024858474731445e-01
-9.887384772300720215e-01
-9.891628623008728027e-01
-9.894475340843200684e-01
-9.897543191909790039e-01
-9.900435209274291992e-01
-9.903173446655273438e-01
-9.905990362167358398e-01
-9.909626841545104980e-01
-9.914466738700866699e-01
-9.918903708457946777e-01
-9.922016263008117676e-01
-9.925470948219299316e-01
-9.928373098373413086e-01
-9.930835366249084473e-01
-9.933044910430908203e-01
-9.935706853866577148e-01
-9.938224554061889648e-01
-9.940323233604431152e-01
-9.941796660423278809e-01
-9.943325519561767578e-01
-9.944800138473510742e-01
-9.946402311325073242e-01
-9.947595000267028809e-01
-9.949539899826049805e-01
-9.952253699302673340e-01
-9.955098628997802734e-01
-9.958243966102600098e-01
-9.960523843765258789e-01
-9.965733885765075684e-01
-9.969679117202758789e-01
-9.971933960914611816e-01
-9.974686503410339355e-01
-9.977176785469055176e-01
-9.979069828987121582e-01
-9.980840682983398438e-01
-9.982294440269470215e-01
-9.983687400817871094e-01
-9.985595345497131348e-01
-9.986439943313598633e-01
-9.987381100654602051e-01
-9.988354444503784180e-01
-9.989111423492431641e-01
-9.989601969718933105e-01
-9.990251064300537109e-01
-9.991048574447631836e-01
-9.991862773895263672e-01
-9.992706179618835449e-01
-9.993547201156616211e-01
-9.994584918022155762e-01
-9.996098279953002930e-01
-9.998115897178649902e-01
-1.000012874603271484e+00
-1.000258445739746094e+00
-1.000538229942321777e+00
-1.000872731208801270e+00
-1.001140356063842773e+00
-1.001368284225463867e+00
-1.001528143882751465e+00
-1.001751303672790527e+00
-1.001998066902160645e+00
-1.002250313758850098e+00
-1.002520918846130371e+00
-1.002819299697875977e+00
-1.003161549568176270e+00
-1.003577828407287598e+00
-1.004011034965515137e+00
-1.004635691642761230e+00
-1.005281925201416016e+00
-1.005924582481384277e+00
-1.006554722785949707e+00
-1.007118701934814453e+00
-1.007552504539489746e+00
-1.007876634597778320e+00
-1.008202910423278809e+00
-1.008595228195190430e+00
-1.008928656578063965e+00
-1.009248852729797363e+00
-1.009657859802246094e+00
-1.010038018226623535e+00
-1.010332226753234863e+00
-1.009403586387634277e+00
-1.010514497756958008e+00
-1.010792732238769531e+00
-1.011086106300354004e+00
-1.011250019073486328e+00
-1.011516451835632324e+00
-1.011792063713073730e+00
-1.012130975723266602e+00
-1.012481570243835449e+00
-1.012717962265014648e+00
-1.012959718704223633e+00
-1.013153553009033203e+00
-1.013224005699157715e+00
-1.013297319412231445e+00
-1.013401269912719727e+00
-1.013513445854187012e+00
-1.013643383979797363e+00
-1.013801097869873047e+00
-1.013962864875793457e+00
-1.014117956161499023e+00
-1.014259815216064453e+00
-1.014389395713806152e+00
-1.014480233192443848e+00
-1.014565348625183105e+00
-1.014675259590148926e+00
-1.014789700508117676e+00
-1.014890551567077637e+00
-1.015004396438598633e+00
-1.015112638473510742e+00
-1.015221238136291504e+00
-1.015335559844970703e+00
-1.015461087226867676e+00
-1.015702724456787109e+00
-1.015398502349853516e+00
-1.015868782997131348e+00
-1.016062617301940918e+00
-1.016358733177185059e+00
-1.016716122627258301e+00
-1.016975760459899902e+00
-1.017230391502380371e+00
-1.017416715621948242e+00
-1.017620205879211426e+00
-1.017822980880737305e+00
-1.017988443374633789e+00
-1.018119931221008301e+00
-1.018311500549316406e+00
-1.018511414527893066e+00
-1.018708348274230957e+00
-1.018828988075256348e+00
-1.019086003303527832e+00
-1.019305229187011719e+00
-1.019590616226196289e+00
-1.019780635833740234e+00
-1.019927978515625000e+00
-1.020077586174011230e+00
-1.020178318023681641e+00
-1.020258307456970215e+00
-1.020333051681518555e+00
-1.020413875579833984e+00
-1.020480871200561523e+00
-1.020541310310363770e+00
-1.020618319511413574e+00
-1.020699977874755859e+00
-1.020813584327697754e+00
-1.020962953567504883e+00
-1.021099805831909180e+00
-1.021260499954223633e+00
-1.021398425102233887e+00
-1.021646261215209961e+00
-1.021867156028747559e+00
-1.022084593772888184e+00
-1.022264242172241211e+00
-1.022467851638793945e+00
-1.022724628448486328e+00
-1.023081064224243164e+00
-1.023522377014160156e+00
-1.023889660835266113e+00
-1.024126052856445312e+00
-1.024410367012023926e+00
-1.024740815162658691e+00
-1.025141000747680664e+00
-1.025716662406921387e+00
-1.026214361190795898e+00
-1.026603341102600098e+00
-1.026803731918334961e+00
-1.027166962623596191e+00
-1.027478456497192383e+00
-1.027833104133605957e+00
-1.028353333473205566e+00
-1.028764486312866211e+00
-1.029067635536193848e+00
-1.029512047767639160e+00
-1.029927849769592285e+00
-1.030159235000610352e+00
-1.030294895172119141e+00
-1.030460476875305176e+00
-1.030624508857727051e+00
-1.030785083770751953e+00
-1.030926823616027832e+00
-1.031085610389709473e+00
-1.031224012374877930e+00
-1.031336903572082520e+00
-1.031404733657836914e+00
-1.031463623046875000e+00
-1.031521081924438477e+00
-1.031581044197082520e+00
-1.031649351119995117e+00
-1.031720161437988281e+00
-1.031783223152160645e+00
-1.031854391098022461e+00
-1.031864762306213379e+00
-1.031973361968994141e+00
-1.032065033912658691e+00
-1.032173275947570801e+00
-1.032294631004333496e+00
-1.032414674758911133e+00
-1.032527685165405273e+00
-1.032626628875732422e+00
-1.032714009284973145e+00
-1.032807707786560059e+00
-1.032915353775024414e+00
-1.033005952835083008e+00
-1.033156275749206543e+00
-1.033301353454589844e+00
-1.033463954925537109e+00
-1.033576846122741699e+00
-1.033695101737976074e+00
-1.033798813819885254e+00
-1.033908009529113770e+00
-1.034003257751464844e+00
-1.034082770347595215e+00
-1.034183025360107422e+00
-1.034346938133239746e+00
-1.034566044807434082e+00
-1.034793853759765625e+00
-1.035040736198425293e+00
-1.035407066345214844e+00
-1.035670995712280273e+00
-1.036005139350891113e+00
-1.036411046981811523e+00
-1.036718487739562988e+00
-1.037237524986267090e+00
-1.037615418434143066e+00
-1.037841796875000000e+00
-1.038047552108764648e+00
-1.038283705711364746e+00
-1.038590312004089355e+00
-1.038915276527404785e+00
-1.039155721664428711e+00
-1.039311289787292480e+00
-1.039443850517272949e+00
-1.039569377899169922e+00
-1.039697885513305664e+00
-1.039840579032897949e+00
-1.039979934692382812e+00
-1.040117859840393066e+00
-1.040285110473632812e+00
-1.040485143661499023e+00
-1.040722489356994629e+00
-1.040988087654113770e+00
-1.041248440742492676e+00
-1.041481971740722656e+00
-1.041741728782653809e+00
-1.041943669319152832e+00
-1.042153358459472656e+00
-1.042477130889892578e+00
-1.042732119560241699e+00
-1.042939305305480957e+00
-1.043179035186767578e+00
-1.043477177619934082e+00
-1.043775677680969238e+00
-1.044206380844116211e+00
-1.044705510139465332e+00
-1.045051336288452148e+00
-1.045476555824279785e+00
-1.045880198478698730e+00
-1.046114206314086914e+00
-1.046396732330322266e+00
-1.046824455261230469e+00
-1.047204494476318359e+00
-1.047505974769592285e+00
-1.047854423522949219e+00
-1.048190712928771973e+00
-1.048745751380920410e+00
-1.049265146255493164e+00
-1.049610257148742676e+00
-1.049907684326171875e+00
-1.050157427787780762e+00
-1.050394773483276367e+00
-1.050574183464050293e+00
-1.050768494606018066e+00
-1.050891757011413574e+00
-1.050999999046325684e+00
-1.051123261451721191e+00
-1.051239609718322754e+00
-1.051325678825378418e+00
-1.051383852958679199e+00
-1.051448583602905273e+00
-1.051509380340576172e+00
-1.051561474800109863e+00
-1.051638603210449219e+00
-1.051726698875427246e+00
-1.051807165145874023e+00
-1.051889300346374512e+00
-1.051984310150146484e+00
-1.052109718322753906e+00
-1.052236318588256836e+00
-1.052361845970153809e+00
-1.052462697029113770e+00
-1.052589535713195801e+00
-1.052768945693969727e+00
-1.052860856056213379e+00
-1.053037285804748535e+00
-1.053240656852722168e+00
-1.053474068641662598e+00
-1.053740382194519043e+00
-1.054063320159912109e+00
-1.054360747337341309e+00
-1.054611563682556152e+00
-1.054856777191162109e+00
-1.043822050094604492e+00
-1.054917573928833008e+00
-1.055149197578430176e+00
-1.055382370948791504e+00
-1.055604100227355957e+00
-1.055807709693908691e+00
-1.056030392646789551e+00
-1.056291222572326660e+00
-1.056557178497314453e+00
-1.056401133537292480e+00
-1.056703448295593262e+00
-1.056961417198181152e+00
-1.057243347167968750e+00
-1.057548403739929199e+00
-1.057888627052307129e+00
-1.058215379714965820e+00
-1.058465838432312012e+00
-1.058703064918518066e+00
-1.058993697166442871e+00
-1.059279203414916992e+00
-1.059533238410949707e+00
-1.059815645217895508e+00
-1.060122609138488770e+00
-1.060442209243774414e+00
-1.060814142227172852e+00
-1.061191558837890625e+00
-1.061633586883544922e+00
-1.062016010284423828e+00
-1.062406539916992188e+00
-1.062720060348510742e+00
-1.063017964363098145e+00
-1.063318371772766113e+00
-1.063880443572998047e+00
-1.064265727996826172e+00
-1.064545273780822754e+00
-1.064845204353332520e+00
-1.065099239349365234e+00
-1.065478086471557617e+00
-1.065902471542358398e+00
-1.066260576248168945e+00
-1.066522002220153809e+00
-1.066830873489379883e+00
-1.067097425460815430e+00
-1.067334175109863281e+00
-1.067548751831054688e+00
-1.067764401435852051e+00
-1.067941188812255859e+00
-1.068168163299560547e+00
-1.068303704261779785e+00
-1.068610191345214844e+00
-1.068878889083862305e+00
-1.069158792495727539e+00
-1.069415926933288574e+00
-1.069640040397644043e+00
-1.069824337959289551e+00
-1.069992423057556152e+00
-1.070150732994079590e+00
-1.070332884788513184e+00
-1.070592284202575684e+00
-1.070705771446228027e+00
-1.070961713790893555e+00
-1.071109056472778320e+00
-1.071218609809875488e+00
-1.071300148963928223e+00
-1.071377754211425781e+00
-1.071475505828857422e+00
-1.071584582328796387e+00
-1.071762681007385254e+00
-1.072050333023071289e+00
-1.072234034538269043e+00
-1.072504281997680664e+00
-1.072803735733032227e+00
-1.073115587234497070e+00
-1.073390960693359375e+00
-1.073606967926025391e+00
-1.073855161666870117e+00
-1.074142098426818848e+00
-1.074380993843078613e+00
-1.074586033821105957e+00
-1.074758648872375488e+00
-1.075028896331787109e+00
-1.075307250022888184e+00
-1.075520277023315430e+00
-1.075708746910095215e+00
-1.075893640518188477e+00
-1.076010704040527344e+00
-1.076110482215881348e+00
-1.076198935508728027e+00
-1.076318740844726562e+00
-1.076423645019531250e+00
-1.076549410820007324e+00
-1.076652646064758301e+00
-1.076751470565795898e+00
-1.076831698417663574e+00
-1.076913475990295410e+00
-1.076987504959106445e+00
-1.077082753181457520e+00
-1.077203512191772461e+00
-1.077353477478027344e+00
-1.077513456344604492e+00
-1.077682375907897949e+00
-1.077805161476135254e+00
-1.077943325042724609e+00
-1.078095197677612305e+00
-1.078228116035461426e+00
-1.078344583511352539e+00
-1.078442692756652832e+00
-1.078511476516723633e+00
-1.078567624092102051e+00
-1.078629374504089355e+00
-1.078721523284912109e+00
-1.078778266906738281e+00
-1.078837275505065918e+00
-1.078909158706665039e+00
-1.079036831855773926e+00
-1.079145550727844238e+00
-1.079316139221191406e+00
-1.079472422599792480e+00
-1.079729199409484863e+00
-1.079995036125183105e+00
-1.080205202102661133e+00
-1.080372691154479980e+00
-1.080508232116699219e+00
-1.080606460571289062e+00
-1.080714941024780273e+00
-1.080806612968444824e+00
-1.080911159515380859e+00
-1.081002116203308105e+00
-1.081089496612548828e+00
-1.081187367439270020e+00
-1.081316590309143066e+00
-1.081426262855529785e+00
-1.081507921218872070e+00
-1.081581830978393555e+00
-1.081663727760314941e+00
-1.081721901893615723e+00
-1.081759214401245117e+00
-1.081809163093566895e+00
-1.081888079643249512e+00
-1.081931948661804199e+00
-1.082045078277587891e+00
-1.082153916358947754e+00
-1.082295298576354980e+00
-1.082485198974609375e+00
-1.082612514495849609e+00
-1.082928061485290527e+00
-1.083175897598266602e+00
-1.083328247070312500e+00
-1.083462238311767578e+00
-1.083609580993652344e+00
-1.083775401115417480e+00
-1.083928346633911133e+00
-1.084035992622375488e+00
-1.084161400794982910e+00
-1.084288835525512695e+00
-1.084375858306884766e+00
-1.084435582160949707e+00
-1.084498524665832520e+00
-1.084566593170166016e+00
-1.084640622138977051e+00
-1.084706664085388184e+00
-1.084793686866760254e+00
-1.084892272949218750e+00
-1.085004687309265137e+00
-1.085089802742004395e+00
-1.085165023803710938e+00
-1.085228085517883301e+00
-1.083955883979797363e+00
-1.085259318351745605e+00
-1.085349082946777344e+00
-1.085452437400817871e+00
-1.085565447807312012e+00
-1.085671544075012207e+00
-1.085807442665100098e+00
-1.086021184921264648e+00
-1.086189508438110352e+00
-1.086538910865783691e+00
-1.086833119392395020e+00
-1.087087154388427734e+00
-1.087418794631958008e+00
-1.087752699851989746e+00
-1.088112831115722656e+00
-1.088399767875671387e+00
-1.088650107383728027e+00
-1.088825464248657227e+00
-1.088964343070983887e+00
-1.089148402214050293e+00
-1.089419841766357422e+00
-1.089791655540466309e+00
-1.090170383453369141e+00
-1.090636610984802246e+00
-1.090899109840393066e+00
-1.091193437576293945e+00
-1.091552734375000000e+00
-1.091843247413635254e+00
-1.092168569564819336e+00
-1.092449545860290527e+00
-1.092672467231750488e+00
-1.092899322509765625e+00
-1.093037962913513184e+00
-1.093164563179016113e+00
-1.093284010887145996e+00
-1.093344211578369141e+00
-1.093412995338439941e+00
-1.093463420867919922e+00
-1.093544125556945801e+00
-1.093484401702880859e+00
-1.093577861785888672e+00
-1.093677520751953125e+00
-1.093739271163940430e+00
-1.093846082687377930e+00
-1.093956351280212402e+00
-1.094055056571960449e+00
-1.094142198562622070e+00
-1.094214320182800293e+00
-1.094308733940124512e+00
-1.094397783279418945e+00
-1.094500660896301270e+00
-1.094584584236145020e+00
-1.094690442085266113e+00
-1.094764232635498047e+00
-1.094848871231079102e+00
-1.094919443130493164e+00
-1.095035314559936523e+00
-1.087239980697631836e+00
-1.095088839530944824e+00
-1.095174789428710938e+00
-1.095259428024291992e+00
-1.095335006713867188e+00
-1.095393657684326172e+00
-1.095440506935119629e+00
-1.095496654510498047e+00
-1.095558404922485352e+00
-1.095614194869995117e+00
-1.095703959465026855e+00
-1.095792889595031738e+00
-1.095876216888427734e+00
-1.095956683158874512e+00
-1.096034049987792969e+00
-1.096134066581726074e+00
-1.096193313598632812e+00
-1.096259713172912598e+00
-1.096314668655395508e+00
-1.096345186233520508e+00
-1.096373438835144043e+00
-1.096422553062438965e+00
-1.096502780914306641e+00
-1.096619486808776855e+00
-1.096542358398437500e+00
-1.096664428710937500e+00
-1.096788406372070312e+00
-1.096938490867614746e+00
-1.097075939178466797e+00
-1.097212910652160645e+00
-1.097396016120910645e+00
-1.097618222236633301e+00
-1.097834110260009766e+00
-1.098044872283935547e+00
-1.098259329795837402e+00
-1.098459720611572266e+00
-1.098740100860595703e+00
-1.099017620086669922e+00
-1.099285960197448730e+00
-1.099620342254638672e+00
-1.099984765052795410e+00
-1.100341439247131348e+00
-1.100723147392272949e+00
-1.101169228553771973e+00
-1.101574182510375977e+00
-1.101790070533752441e+00
-1.102076172828674316e+00
-1.102385520935058594e+00
-1.102543592453002930e+00
-1.102712512016296387e+00
-1.102921605110168457e+00
-1.103161454200744629e+00
-1.103377223014831543e+00
-1.103595614433288574e+00
-1.104000806808471680e+00
-1.104620218276977539e+00
-1.105200290679931641e+00
-1.105878829956054688e+00
-1.103321909904479980e+00
-1.106137871742248535e+00
-1.106624245643615723e+00
-1.107109427452087402e+00
-1.107858300209045410e+00
-1.108776092529296875e+00
-1.109497785568237305e+00
-1.110304951667785645e+00
-1.111049652099609375e+00
-1.111845254898071289e+00
-1.112622261047363281e+00
-1.113457798957824707e+00
-1.113974690437316895e+00
-1.114386320114135742e+00
-1.114787817001342773e+00
-1.115121603012084961e+00
-1.115647435188293457e+00
-1.116245985031127930e+00
-1.116756796836853027e+00
-1.117249727249145508e+00
-1.117713212966918945e+00
-1.118309974670410156e+00
-1.118804574012756348e+00
-1.119391441345214844e+00
-1.120008945465087891e+00
-1.120703220367431641e+00
-1.121126055717468262e+00
-1.121526718139648438e+00
-1.121830821037292480e+00
-1.122184634208679199e+00
-1.122587800025939941e+00
-1.122918367385864258e+00
-1.123198866844177246e+00
-1.123529314994812012e+00
-1.123929977416992188e+00
-1.124154090881347656e+00
-1.124481797218322754e+00
-1.124695420265197754e+00
-1.125077605247497559e+00
-1.125411510467529297e+00
-1.125737428665161133e+00
-1.126004576683044434e+00
-1.126297116279602051e+00
-1.126543641090393066e+00
-1.126790881156921387e+00
-1.127009868621826172e+00
-1.127274632453918457e+00
-1.127566933631896973e+00
-1.127816081047058105e+00
-1.128038525581359863e+00
-1.128238916397094727e+00
-1.128458023071289062e+00
-1.128683924674987793e+00
-1.128987431526184082e+00
-1.129265666007995605e+00
-1.129471898078918457e+00
-1.129619002342224121e+00
-1.129778385162353516e+00
-1.130017638206481934e+00
-1.130182266235351562e+00
-1.130341529846191406e+00
-1.130510568618774414e+00
-1.130668401718139648e+00
-1.130798578262329102e+00
-1.130901098251342773e+00
-1.131013751029968262e+00
-1.131121754646301270e+00
-1.131282091140747070e+00
-1.131466746330261230e+00
-1.131614446640014648e+00
-1.131802439689636230e+00
-1.132018804550170898e+00
-1.132272362709045410e+00
-1.132606863975524902e+00
-1.132934689521789551e+00
-1.133247137069702148e+00
-1.133525490760803223e+00
-1.133808732032775879e+00
-1.134075641632080078e+00
-1.134513378143310547e+00
-1.134878993034362793e+00
-1.135435104370117188e+00
-1.135926365852355957e+00
-1.136510968208312988e+00
-1.136831164360046387e+00
-1.137459278106689453e+00
-1.138283729553222656e+00
-1.139148354530334473e+00
-1.139975428581237793e+00
-1.140568375587463379e+00
-1.141365051269531250e+00
-1.141474485397338867e+00
-1.141849637031555176e+00
-1.142640233039855957e+00
-1.143391728401184082e+00
-1.144093990325927734e+00
-1.144711017608642578e+00
-1.145321726799011230e+00
-1.146077871322631836e+00
-1.146804571151733398e+00
-1.147406101226806641e+00
-1.148068547248840332e+00
-1.148791670799255371e+00
-1.149321198463439941e+00
-1.150354266166687012e+00
-1.151403427124023438e+00
-1.151993393898010254e+00
-1.151459813117980957e+00
-1.152367830276489258e+00
-1.153007268905639648e+00
-1.153438091278076172e+00
-1.153945326805114746e+00
-1.154471993446350098e+00
-1.154874086380004883e+00
-1.155206680297851562e+00
-1.155607223510742188e+00
-1.156020164489746094e+00
-1.156451463699340820e+00
-1.156863927841186523e+00
-1.157325029373168945e+00
-1.157738447189331055e+00
-1.158167243003845215e+00
-1.158454537391662598e+00
-1.158726572990417480e+00
-1.159185290336608887e+00
-1.159634709358215332e+00
-1.160058140754699707e+00
-1.160447955131530762e+00
-1.160931944847106934e+00
-1.161245107650756836e+00
-1.161556959152221680e+00
-1.161943316459655762e+00
-1.162205219268798828e+00
-1.162456154823303223e+00
-1.162727475166320801e+00
-1.162967920303344727e+00
-1.163269758224487305e+00
-1.163599252700805664e+00
-1.163833379745483398e+00
-1.164173603057861328e+00
-1.164502501487731934e+00
-1.164786338806152344e+00
-1.165186285972595215e+00
-1.165589809417724609e+00
-1.166008353233337402e+00
-1.166315078735351562e+00
-1.166733741760253906e+00
-1.166992306709289551e+00
-1.167205452919006348e+00
-1.167375445365905762e+00
-1.167576432228088379e+00
-1.167772293090820312e+00
-1.167980670928955078e+00
-1.168146252632141113e+00
-1.168266057968139648e+00
-1.168412566184997559e+00
-1.168577432632446289e+00
-1.168750882148742676e+00
-1.168924808502197266e+00
-1.169110536575317383e+00
-1.169269084930419922e+00
-1.169539093971252441e+00
-1.169835448265075684e+00
-1.170043230056762695e+00
-1.170236468315124512e+00
-1.170376539230346680e+00
-1.170495271682739258e+00
-1.170706033706665039e+00
-1.170876383781433105e+00
-1.171230316162109375e+00
-1.171527028083801270e+00
-1.171720981597900391e+00
-1.171913981437683105e+00
-1.172168016433715820e+00
-1.172444105148315430e+00
-1.172702670097351074e+00
-1.172887206077575684e+00
-1.173087596893310547e+00
-1.173249244689941406e+00
-1.173511624336242676e+00
-1.173812747001647949e+00
-1.174084424972534180e+00
-1.174361944198608398e+00
-1.174628973007202148e+00
-1.174945116043090820e+00
-1.175189375877380371e+00
-1.175511717796325684e+00
-1.176076412200927734e+00
-1.176793098449707031e+00
-1.177256703376770020e+00
-1.177582740783691406e+00
-1.177816390991210938e+00
-1.177925467491149902e+00
-1.178296446800231934e+00
-1.178668498992919922e+00
-1.177808761596679688e+00
-1.178891658782958984e+00
-1.179140925407409668e+00
-1.179378628730773926e+00
-1.179636716842651367e+00
-1.179893016815185547e+00
-1.180075526237487793e+00
-1.180254101753234863e+00
-1.180452585220336914e+00
-1.180633187294006348e+00
-1.180829048156738281e+00
-1.181002020835876465e+00
-1.181151747703552246e+00
-1.181310653686523438e+00
-1.181526780128479004e+00
-1.181699037551879883e+00
-1.181993484497070312e+00
-1.182334899902343750e+00
-1.182800769805908203e+00
-1.183193206787109375e+00
-1.183474063873291016e+00
-1.183859348297119141e+00
-1.184172987937927246e+00
-1.184606671333312988e+00
-1.185102939605712891e+00
-1.185649156570434570e+00
-1.186080336570739746e+00
-1.186499714851379395e+00
-1.186912298202514648e+00
-1.187445402145385742e+00
-1.187797069549560547e+00
-1.188004970550537109e+00
-1.188171505928039551e+00
-1.188290834426879883e+00
-1.188434600830078125e+00
-1.188581705093383789e+00
-1.188709735870361328e+00
-1.188845038414001465e+00
-1.189033150672912598e+00
-1.189196825027465820e+00
-1.189328670501708984e+00
-1.189429283142089844e+00
-1.189546108245849609e+00
-1.189645886421203613e+00
-1.189739704132080078e+00
-1.189879059791564941e+00
-1.190047502517700195e+00
-1.190195798873901367e+00
-1.190325617790222168e+00
-1.190432906150817871e+00
-1.190569996833801270e+00
-1.190678715705871582e+00
-1.190804362297058105e+00
-1.190931081771850586e+00
-1.191077589988708496e+00
-1.191243529319763184e+00
-1.191407203674316406e+00
-1.191623687744140625e+00
-1.191841244697570801e+00
-1.192067503929138184e+00
-1.192291140556335449e+00
-1.192550182342529297e+00
-1.192748069763183594e+00
-1.192995429039001465e+00
-1.193205356597900391e+00
-1.193511366844177246e+00
-1.193795204162597656e+00
-1.194073081016540527e+00
-1.194353818893432617e+00
-1.194563746452331543e+00
-1.194739580154418945e+00
-1.194955945014953613e+00
-1.195154070854187012e+00
-1.195340037345886230e+00
-1.195528149604797363e+00
-1.195701479911804199e+00
-1.195877552032470703e+00
-1.196048974990844727e+00
-1.196187257766723633e+00
-1.196315646171569824e+00
-1.196419239044189453e+00
-1.196501493453979492e+00
-1.196587562561035156e+00
-1.196681499481201172e+00
-1.196786165237426758e+00
-1.196863651275634766e+00
-1.196956396102905273e+00
-1.197050929069519043e+00
-1.197147727012634277e+00
-1.197261214256286621e+00
-1.197411060333251953e+00
-1.197534203529357910e+00
-1.197699069976806641e+00
-1.197869062423706055e+00
-1.198158502578735352e+00
-1.198387265205383301e+00
-1.198532700538635254e+00
-1.198604226112365723e+00
-1.198770284652709961e+00
-1.198858141899108887e+00
-1.198906660079956055e+00
-1.198956966400146484e+00
-1.199012279510498047e+00
-1.199079513549804688e+00
-1.199179530143737793e+00
-1.199303269386291504e+00
-1.199436187744140625e+00
-1.199544191360473633e+00
-1.199649572372436523e+00
-1.199820995330810547e+00
-1.200078725814819336e+00
-1.200372576713562012e+00
-1.200653314590454102e+00
-1.200887084007263184e+00
-1.201191306114196777e+00
-1.201495051383972168e+00
-1.201867222785949707e+00
-1.202260732650756836e+00
-1.202792763710021973e+00
-1.203218102455139160e+00
-1.203988552093505859e+00
-1.203879833221435547e+00
-1.204447031021118164e+00
-1.205451607704162598e+00
-1.206288814544677734e+00
-1.207146167755126953e+00
-1.206549286842346191e+00
-1.207699775695800781e+00
-1.208489179611206055e+00
-1.209270238876342773e+00
-1.210346341133117676e+00
-1.211227297782897949e+00
-1.212370634078979492e+00
-1.214016675949096680e+00
-1.215128421783447266e+00
-1.217106103897094727e+00
-1.218986153602600098e+00
-1.220681905746459961e+00
-1.221642255783081055e+00
-1.222243785858154297e+00
-1.222724080085754395e+00
-1.223214149475097656e+00
-1.223789095878601074e+00
-1.224285125732421875e+00
-1.224720835685729980e+00
-1.225121855735778809e+00
-1.225447535514831543e+00
-1.225820899009704590e+00
-1.226281404495239258e+00
-1.226797938346862793e+00
-1.227373242378234863e+00
-1.227263689041137695e+00
-1.227758765220642090e+00
-1.228404164314270020e+00
-1.228890419006347656e+00
-1.229315280914306641e+00
-1.229663133621215820e+00
-1.229928016662597656e+00
-1.230124711990356445e+00
-1.230249047279357910e+00
-1.230424404144287109e+00
-1.230564594268798828e+00
-1.230659604072570801e+00
-1.230720043182373047e+00
-1.230812668800354004e+00
-1.230906128883361816e+00
-1.230981111526489258e+00
-1.231047987937927246e+00
-1.231123566627502441e+00
-1.231212019920349121e+00
-1.231325626373291016e+00
-1.231445908546447754e+00
-1.231600165367126465e+00
-1.231784343719482422e+00
-1.231967926025390625e+00
-1.232279181480407715e+00
-1.232599377632141113e+00
-1.232944846153259277e+00
-1.233239769935607910e+00
-1.233539462089538574e+00
-1.233778834342956543e+00
-1.233999490737915039e+00
-1.234173774719238281e+00
-1.234313249588012695e+00
-1.234418153762817383e+00
-1.234504103660583496e+00
-1.234617829322814941e+00
-1.234640479087829590e+00
-1.234818935394287109e+00
-1.234970092773437500e+00
-1.235117673873901367e+00
-1.235257625579833984e+00
-1.235384821891784668e+00
-1.235489845275878906e+00
-1.235626816749572754e+00
-1.235782265663146973e+00
-1.235972762107849121e+00
-1.236251473426818848e+00
-1.236557960510253906e+00
-1.236946702003479004e+00
-1.237278342247009277e+00
-1.237549304962158203e+00
-1.237733483314514160e+00
-1.237848520278930664e+00
-1.237966656684875488e+00
-1.238055348396301270e+00
-1.238171458244323730e+00
-1.238287687301635742e+00
-1.238420009613037109e+00
-1.238586664199829102e+00
-1.238777637481689453e+00
-1.238969802856445312e+00
-1.239210009574890137e+00
-1.239456176757812500e+00
-1.239765286445617676e+00
-1.240125536918640137e+00
-1.240530133247375488e+00
-1.240886807441711426e+00
-1.241227865219116211e+00
-1.241578817367553711e+00
-1.241856813430786133e+00
-1.242033243179321289e+00
-1.242208719253540039e+00
-1.242380142211914062e+00
-1.242443203926086426e+00
-1.242564320564270020e+00
-1.242665529251098633e+00
-1.242764115333557129e+00
-1.242912888526916504e+00
-1.243137478828430176e+00
-1.243414759635925293e+00
-1.243653178215026855e+00
-1.243902325630187988e+00
-1.244178295135498047e+00
-1.244468688964843750e+00
-1.244732260704040527e+00
-1.245000362396240234e+00
-1.245165467262268066e+00
-1.245326161384582520e+00
-1.245533585548400879e+00
-1.245729327201843262e+00
-1.245829343795776367e+00
-1.245997190475463867e+00
-1.246159195899963379e+00
-1.246333718299865723e+00
-1.246529221534729004e+00
-1.246806740760803223e+00
-1.247126221656799316e+00
-1.247452616691589355e+00
-1.247788429260253906e+00
-1.248112201690673828e+00
-1.248492121696472168e+00
-1.248810291290283203e+00
-1.249163269996643066e+00
-1.249648690223693848e+00
-1.250250697135925293e+00
-1.250873208045959473e+00
-1.251391410827636719e+00
-1.251879334449768066e+00
-1.252516865730285645e+00
-1.253232121467590332e+00
-1.253896117210388184e+00
-1.254623651504516602e+00
-1.255193829536437988e+00
-1.255988121032714844e+00
-1.256869673728942871e+00
-1.257526040077209473e+00
-1.258134603500366211e+00
-1.258488893508911133e+00
-1.258846998214721680e+00
-1.259480237960815430e+00
-1.260434150695800781e+00
-1.261595368385314941e+00
-1.262023448944091797e+00
-1.262885451316833496e+00
-1.263664603233337402e+00
-1.264206767082214355e+00
-1.264684677124023438e+00
-1.264999508857727051e+00
-1.265293240547180176e+00
-1.265683889389038086e+00
-1.266108989715576172e+00
-1.266496658325195312e+00
-1.266929268836975098e+00
-1.267182826995849609e+00
-1.267385125160217285e+00
-1.267630219459533691e+00
-1.267907261848449707e+00
-1.268341541290283203e+00
-1.268788099288940430e+00
-1.269152402877807617e+00
-1.269448280334472656e+00
-1.269743323326110840e+00
-1.269920110702514648e+00
-1.270052671432495117e+00
-1.270245909690856934e+00
-1.270396113395690918e+00
-1.270546674728393555e+00
-1.270708918571472168e+00
-1.270728826522827148e+00
-1.270927071571350098e+00
-1.271049380302429199e+00
-1.271383285522460938e+00
-1.271647334098815918e+00
-1.271854281425476074e+00
-1.272144436836242676e+00
-1.272334814071655273e+00
-1.272548675537109375e+00
-1.272840738296508789e+00
-1.273018002510070801e+00
-1.273265957832336426e+00
-1.273508071899414062e+00
-1.273718833923339844e+00
-1.273898601531982422e+00
-1.274071574211120605e+00
-1.274316310882568359e+00
-1.274544239044189453e+00
-1.274775266647338867e+00
-1.275029540061950684e+00
-1.275259971618652344e+00
-1.275523066520690918e+00
-1.275749325752258301e+00
-1.275964021682739258e+00
-1.276214361190795898e+00
-1.276484847068786621e+00
-1.276678562164306641e+00
-1.276835680007934570e+00
-1.277016043663024902e+00
-1.277194976806640625e+00
-1.277270078659057617e+00
-1.277371168136596680e+00
-1.277466893196105957e+00
-1.277560830116271973e+00
-1.277672052383422852e+00
-1.277831912040710449e+00
-1.278001070022583008e+00
-1.278195738792419434e+00
-1.278345465660095215e+00
-1.278576493263244629e+00
-1.278859496116638184e+00
-1.279121041297912598e+00
-1.279465436935424805e+00
-1.279881715774536133e+00
-1.280235052108764648e+00
-1.280473828315734863e+00
-1.280695080757141113e+00
-1.280814766883850098e+00
-1.281135439872741699e+00
-1.281406879425048828e+00
-1.281623601913452148e+00
-1.281908273696899414e+00
-1.282114505767822266e+00
-1.282457351684570312e+00
-1.282762050628662109e+00
-1.283019304275512695e+00
-1.283225774765014648e+00
-1.283356547355651855e+00
-1.283461451530456543e+00
-1.283655047416687012e+00
-1.283802747726440430e+00
-1.284103512763977051e+00
-1.284335374832153320e+00
-1.284509539604187012e+00
-1.284673810005187988e+00
-1.284833669662475586e+00
-1.285034060478210449e+00
-1.285253286361694336e+00
-1.285356521606445312e+00
-1.285521149635314941e+00
-1.285658359527587891e+00
-1.285871148109436035e+00
-1.286120533943176270e+00
-1.286359310150146484e+00
-1.286640524864196777e+00
-1.286863446235656738e+00
-1.287147045135498047e+00
-1.287333607673645020e+00
-1.287478685379028320e+00
-1.287720561027526855e+00
-1.287980079650878906e+00
-1.288293361663818359e+00
-1.288628458976745605e+00
-1.288988471031188965e+00
-1.289304733276367188e+00
-1.289532661437988281e+00
-1.289784312248229980e+00
-1.290032267570495605e+00
-1.290301084518432617e+00
-1.290482878684997559e+00
-1.290709972381591797e+00
-1.290929794311523438e+00
-1.291129350662231445e+00
-1.291472911834716797e+00
-1.291821718215942383e+00
-1.292116880416870117e+00
-1.292406916618347168e+00
-1.292734622955322266e+00
-1.293030858039855957e+00
-1.293309211730957031e+00
-1.293576359748840332e+00
-1.293876409530639648e+00
-1.294186115264892578e+00
-1.294649720191955566e+00
-1.295103669166564941e+00
-1.295585870742797852e+00
-1.296109557151794434e+00
-1.296735405921936035e+00
-1.297351121902465820e+00
-1.297893047332763672e+00
-1.298480749130249023e+00
-1.298486590385437012e+00
-1.298776149749755859e+00
-1.299133658409118652e+00
-1.299360275268554688e+00
-1.299527049064636230e+00
-1.299679636955261230e+00
-1.299926877021789551e+00
-1.300091862678527832e+00
-1.300284266471862793e+00
-1.300476908683776855e+00
-1.300629615783691406e+00
-1.300744771957397461e+00
-1.300844669342041016e+00
-1.300930380821228027e+00
-1.301042079925537109e+00
-1.301082372665405273e+00
-1.301181316375732422e+00
-1.301327228546142578e+00
-1.301515698432922363e+00
-1.301721572875976562e+00
-1.300990343093872070e+00
-1.301814556121826172e+00
-1.302000284194946289e+00
-1.302249431610107422e+00
-1.302487850189208984e+00
-1.302707433700561523e+00
-1.302887320518493652e+00
-1.303184628486633301e+00
-1.301465988159179688e+00
-1.303363680839538574e+00
-1.303644776344299316e+00
-1.304044127464294434e+00
-1.304548144340515137e+00
-1.305098414421081543e+00
-1.305645465850830078e+00
-1.306082963943481445e+00
-1.306656241416931152e+00
-1.307226181030273438e+00
-1.307840704917907715e+00
-1.308439970016479492e+00
-1.308947086334228516e+00
-1.309451937675476074e+00
-1.309857010841369629e+00
-1.310349464416503906e+00
-1.310978174209594727e+00
-1.311539053916931152e+00
-1.312049865722656250e+00
-1.312424540519714355e+00
-1.312865972518920898e+00
-1.313204050064086914e+00
-1.313477039337158203e+00
-1.313838005065917969e+00
-1.314185023307800293e+00
-1.314605355262756348e+00
-1.314946413040161133e+00
-1.315284132957458496e+00
-1.315570831298828125e+00
-1.315870285034179688e+00
-1.316206574440002441e+00
-1.316641330718994141e+00
-1.317142844200134277e+00
-1.317513585090637207e+00
-1.317984104156494141e+00
-1.318375945091247559e+00
-1.318650364875793457e+00
-1.319069504737854004e+00
-1.319678902626037598e+00
-1.320135831832885742e+00
-1.320912957191467285e+00
-1.321636915206909180e+00
-1.322319865226745605e+00
-1.322835564613342285e+00
-1.323128342628479004e+00
-1.323548316955566406e+00
-1.324036121368408203e+00
-1.324601531028747559e+00
-1.325278878211975098e+00
-1.325901508331298828e+00
-1.326478719711303711e+00
-1.327130794525146484e+00
-1.327800631523132324e+00
-1.328144073486328125e+00
-1.328589439392089844e+00
-1.329162478446960449e+00
-1.329753041267395020e+00
-1.330326914787292480e+00
-1.330815911293029785e+00
-1.331475019454956055e+00
-1.332078814506530762e+00
-1.332792997360229492e+00
-1.333465695381164551e+00
-1.334003686904907227e+00
-1.334700465202331543e+00
-1.335477232933044434e+00
-1.335801839828491211e+00
-1.336113333702087402e+00
-1.336441159248352051e+00
-1.336712479591369629e+00
-1.336949467658996582e+00
-1.337169051170349121e+00
-1.337509751319885254e+00
-1.337796688079833984e+00
-1.337989568710327148e+00
-1.338269114494323730e+00
-1.338269591331481934e+00
-1.338490009307861328e+00
-1.338793873786926270e+00
-1.339100837707519531e+00
-1.339545130729675293e+00
-1.340081095695495605e+00
-1.340677499771118164e+00
-1.341179966926574707e+00
-1.341587424278259277e+00
-1.341972351074218750e+00
-1.342317223548889160e+00
-1.342679381370544434e+00
-1.342736124992370605e+00
-1.343362689018249512e+00
-1.343716859817504883e+00
-1.344052433967590332e+00
-1.344475388526916504e+00
-1.344967603683471680e+00
-1.344586491584777832e+00
-1.345144391059875488e+00
-1.345686793327331543e+00
-1.346066236495971680e+00
-1.346626400947570801e+00
-1.347101211547851562e+00
-1.347485423088073730e+00
-1.347746849060058594e+00
-1.347994565963745117e+00
-1.348263978958129883e+00
-1.348546266555786133e+00
-1.329210758209228516e+00
-1.348663926124572754e+00
-1.348887562751770020e+00
-1.349125385284423828e+00
-1.349394679069519043e+00
-1.349684953689575195e+00
-1.349938750267028809e+00
-1.350132942199707031e+00
-1.350263357162475586e+00
-1.350403189659118652e+00
-1.350542664527893066e+00
-1.350698232650756836e+00
-1.350859761238098145e+00
-1.351012825965881348e+00
-1.351165533065795898e+00
-1.351320743560791016e+00
-1.351419806480407715e+00
-1.351566195487976074e+00
-1.351619601249694824e+00
-1.351832151412963867e+00
-1.352016448974609375e+00
-1.352190613746643066e+00
-1.352373123168945312e+00
-1.352539539337158203e+00
-1.352729797363281250e+00
-1.352980852127075195e+00
-1.353213429450988770e+00
-1.353550434112548828e+00
-1.354039072990417480e+00
-1.354631662368774414e+00
-1.354876637458801270e+00
-1.355615973472595215e+00
-1.356251239776611328e+00
-1.356760025024414062e+00
-1.357806205749511719e+00
-1.358489751815795898e+00
-1.358996868133544922e+00
-1.359290599822998047e+00
-1.359577894210815430e+00
-1.359829187393188477e+00
-1.360100865364074707e+00
-1.360399007797241211e+00
-1.360593676567077637e+00
-1.361141443252563477e+00
-1.361529231071472168e+00
-1.362143516540527344e+00
-1.362766623497009277e+00
-1.363439559936523438e+00
-1.363962531089782715e+00
-1.364210844039916992e+00
-1.364381909370422363e+00
-1.364555835723876953e+00
-1.364761829376220703e+00
-1.364950060844421387e+00
-1.365182042121887207e+00
-1.365443348884582520e+00
-1.365727543830871582e+00
-1.366146326065063477e+00
-1.366732239723205566e+00
-1.367260813713073730e+00
-1.367994308471679688e+00
-1.368567705154418945e+00
-1.369547247886657715e+00
-1.370384812355041504e+00
-1.371396183967590332e+00
-1.371817350387573242e+00
-1.372442722320556641e+00
-1.373227477073669434e+00
-1.373897314071655273e+00
-1.374258995056152344e+00
-1.374475598335266113e+00
-1.374649524688720703e+00
-1.374779105186462402e+00
-1.374920845031738281e+00
-1.375045895576477051e+00
-1.375150203704833984e+00
-1.375300526618957520e+00
-1.375489711761474609e+00
-1.375722289085388184e+00
-1.375955700874328613e+00
-1.376180648803710938e+00
-1.376377820968627930e+00
-1.376588940620422363e+00
-1.376808881759643555e+00
-1.377064824104309082e+00
-1.377273797988891602e+00
-1.377459406852722168e+00
-1.377687454223632812e+00
-1.378031373023986816e+00
-1.378332734107971191e+00
-1.378692507743835449e+00
-1.379006743431091309e+00
-1.379301309585571289e+00
-1.379435300827026367e+00
-1.379509091377258301e+00
-1.379642605781555176e+00
-1.379733324050903320e+00
-1.379796385765075684e+00
-1.379733920097351074e+00
-1.379889845848083496e+00
-1.379951715469360352e+00
-1.380057096481323242e+00
-1.380150675773620605e+00
-1.380234360694885254e+00
-1.380334377288818359e+00
-1.380242466926574707e+00
-1.380393266677856445e+00
-1.380549669265747070e+00
-1.380702614784240723e+00
-1.380859971046447754e+00
-1.380958914756774902e+00
-1.381033420562744141e+00
-1.381095647811889648e+00
-1.381153106689453125e+00
-1.381211638450622559e+00
-1.381262660026550293e+00
-1.381309509277343750e+00
-1.381353974342346191e+00
-1.381410956382751465e+00
-1.381472706794738770e+00
-1.381584286689758301e+00
-1.381694316864013672e+00
-1.381941080093383789e+00
-1.382284998893737793e+00
-1.382544755935668945e+00
-1.382751464843750000e+00
-1.383016943931579590e+00
-1.383342623710632324e+00
-1.383704423904418945e+00
-1.383950114250183105e+00
-1.384284019470214844e+00
-1.384550333023071289e+00
-1.384786248207092285e+00
-1.384954810142517090e+00
-1.385101318359375000e+00
-1.385202288627624512e+00
-1.385311722755432129e+00
-1.385420799255371094e+00
-1.385484933853149414e+00
-1.385582685470581055e+00
-1.385685920715332031e+00
-1.385785460472106934e+00
-1.385897159576416016e+00
-1.386013388633728027e+00
-1.386099100112915039e+00
-1.386195182800292969e+00
-1.386311888694763184e+00
-1.386431455612182617e+00
-1.386550784111022949e+00
-1.386642694473266602e+00
-1.386750578880310059e+00
-1.386786937713623047e+00
-1.386922597885131836e+00
-1.387052297592163086e+00
-1.387196540832519531e+00
-1.387312412261962891e+00
-1.387401700019836426e+00
-1.387515187263488770e+00
-1.387614727020263672e+00
-1.387781381607055664e+00
-1.387883782386779785e+00
-1.388035297393798828e+00
-1.388185381889343262e+00
-1.388387680053710938e+00
-1.388544917106628418e+00
-1.388769149780273438e+00
-1.389010906219482422e+00
-1.389163970947265625e+00
-1.389324903488159180e+00
-1.389566063880920410e+00
-1.389825105667114258e+00
-1.390070915222167969e+00
-1.390339970588684082e+00
-1.390589475631713867e+00
-1.390937924385070801e+00
-1.391415953636169434e+00
-1.391716718673706055e+00
-1.392159581184387207e+00
-1.392570376396179199e+00
-1.393106102943420410e+00
-1.393718004226684570e+00
-1.394199132919311523e+00
-1.394663810729980469e+00
-1.395067095756530762e+00
-1.394835352897644043e+00
-1.395549654960632324e+00
-1.395907044410705566e+00
-1.396422982215881348e+00
-1.396486043930053711e+00
-1.396767497062683105e+00
-1.396884202957153320e+00
-1.397447347640991211e+00
-1.397779822349548340e+00
-1.398072838783264160e+00
-1.398406267166137695e+00
-1.398622632026672363e+00
-1.398793935775756836e+00
-1.398926854133605957e+00
-1.399261236190795898e+00
-1.399593949317932129e+00
-1.399889111518859863e+00
-1.400115489959716797e+00
-1.400279879570007324e+00
-1.400457382202148438e+00
-1.400654554367065430e+00
-1.400873422622680664e+00
-1.401185750961303711e+00
-1.401543617248535156e+00
-1.402004957199096680e+00
-1.402640461921691895e+00
-1.403293490409851074e+00
-1.403887867927551270e+00
-1.404411435127258301e+00
-1.405056715011596680e+00
-1.405654668807983398e+00
-1.406504869461059570e+00
-1.407284975051879883e+00
-1.407877206802368164e+00
-1.408576726913452148e+00
-1.409257531166076660e+00
-1.409682154655456543e+00
-1.410122156143188477e+00
-1.410636305809020996e+00
-1.411027908325195312e+00
-1.411549687385559082e+00
-1.411960124969482422e+00
-1.412265419960021973e+00
-1.412564158439636230e+00
-1.413024425506591797e+00
-1.413408041000366211e+00
-1.413863778114318848e+00
-1.414243340492248535e+00
-1.414875149726867676e+00
-1.415463328361511230e+00
-1.415969610214233398e+00
-1.416320443153381348e+00
-1.416691184043884277e+00
-1.417010903358459473e+00
-1.417301654815673828e+00
-1.417524337768554688e+00
-1.417766094207763672e+00
-1.417984724044799805e+00
-1.418204903602600098e+00
-1.418413758277893066e+00
-1.418588757514953613e+00
-1.418769240379333496e+00
-1.418991804122924805e+00
-1.419153213500976562e+00
-1.419293045997619629e+00
-1.419411897659301758e+00
-1.419496297836303711e+00
-1.419621348381042480e+00
-1.419754505157470703e+00
-1.419893741607666016e+00
-1.419959783554077148e+00
-1.420161843299865723e+00
-1.420290946960449219e+00
-1.420428514480590820e+00
-1.420624136924743652e+00
-1.420806527137756348e+00
-1.421015262603759766e+00
-1.421260476112365723e+00
-1.421507954597473145e+00
-1.421750664710998535e+00
-1.421935319900512695e+00
-1.422107338905334473e+00
-1.422315478324890137e+00
-1.422361254692077637e+00
-1.422627568244934082e+00
-1.422822475433349609e+00
-1.422971487045288086e+00
-1.423209667205810547e+00
-1.423390626907348633e+00
-1.423555970191955566e+00
-1.423770785331726074e+00
-1.423956036567687988e+00
-1.424151897430419922e+00
-1.424392700195312500e+00
-1.424622416496276855e+00
-1.424806594848632812e+00
-1.424926757812500000e+00
-1.425023674964904785e+00
-1.425117969512939453e+00
-1.425214409828186035e+00
-1.425310134887695312e+00
-1.425408005714416504e+00
-1.425487518310546875e+00
-1.425573706626892090e+00
-1.425641775131225586e+00
-1.425708770751953125e+00
-1.425791621208190918e+00
-1.425882339477539062e+00
-1.426000714302062988e+00
-1.426114201545715332e+00
-1.426259160041809082e+00
-1.426426172256469727e+00
-1.426660656929016113e+00
-1.426879048347473145e+00
-1.427098393440246582e+00
-1.427263736724853516e+00
-1.427425265312194824e+00
-1.427553653717041016e+00
-1.427722096443176270e+00
-1.427931547164916992e+00
-1.428107023239135742e+00
-1.428277730941772461e+00
-1.428537249565124512e+00
-1.428732275962829590e+00
-1.428918242454528809e+00
-1.429113626480102539e+00
-1.429332017898559570e+00
-1.429502606391906738e+00
-1.429714679718017578e+00
-1.430024266242980957e+00
-1.430353879928588867e+00
-1.430686235427856445e+00
-1.431051254272460938e+00
-1.431437492370605469e+00
-1.432048797607421875e+00
-1.432669162750244141e+00
-1.433007717132568359e+00
-1.433429837226867676e+00
-1.433658957481384277e+00
-1.433934926986694336e+00
-1.434228181838989258e+00
-1.434433102607727051e+00
-1.434719204902648926e+00
-1.434987545013427734e+00
-1.435308218002319336e+00
-1.435542583465576172e+00
-1.435769081115722656e+00
-1.435973405838012695e+00
-1.436093926429748535e+00
-1.436269164085388184e+00
-1.436485171318054199e+00
-1.436726689338684082e+00
-1.436978578567504883e+00
-1.436038613319396973e+00
-1.437059283256530762e+00
-1.437219023704528809e+00
-1.437354922294616699e+00
-1.437476038932800293e+00
-1.437539696693420410e+00
-1.437645554542541504e+00
-1.437749862670898438e+00
-1.437837481498718262e+00
-1.437970876693725586e+00
-1.438104152679443359e+00
-1.438215970993041992e+00
-1.438287854194641113e+00
-1.438348889350891113e+00
-1.438403487205505371e+00
-1.438482880592346191e+00
-1.438579440116882324e+00
-1.438683867454528809e+00
-1.438874006271362305e+00
-1.439105033874511719e+00
-1.439315915107727051e+00
-1.439533472061157227e+00
-1.439678549766540527e+00
-1.439791798591613770e+00
-1.439983129501342773e+00
-1.440180301666259766e+00
-1.440413236618041992e+00
-1.440521597862243652e+00
-1.440782189369201660e+00
-1.441002964973449707e+00
-1.441240310668945312e+00
-1.441439986228942871e+00
-1.441598415374755859e+00
-1.441776275634765625e+00
-1.441948652267456055e+00
-1.442099332809448242e+00
-1.442302823066711426e+00
-1.442347288131713867e+00
-1.442685008049011230e+00
-1.442916512489318848e+00
-1.443118929862976074e+00
-1.443315744400024414e+00
-1.443484306335449219e+00
-1.443723082542419434e+00
-1.443916082382202148e+00
-1.444088459014892578e+00
-1.444305539131164551e+00
-1.444473743438720703e+00
-1.444614291191101074e+00
-1.444946765899658203e+00
-1.445310235023498535e+00
-1.445591211318969727e+00
-1.445907831192016602e+00
-1.446226239204406738e+00
-1.446087002754211426e+00
-1.446353197097778320e+00
-1.446518659591674805e+00
-1.446677088737487793e+00
-1.446881651878356934e+00
-1.447088479995727539e+00
-1.447279453277587891e+00
-1.447403430938720703e+00
-1.447507858276367188e+00
-1.447589755058288574e+00
-1.447682023048400879e+00
-1.447752356529235840e+00
-1.447801113128662109e+00
-1.447846770286560059e+00
-1.447902560234069824e+00
-1.447959065437316895e+00
-1.448013186454772949e+00
-1.448055148124694824e+00
-1.448091506958007812e+00
-1.448128104209899902e+00
-1.448158621788024902e+00
-1.448200106620788574e+00
-1.448254227638244629e+00
-1.448325276374816895e+00
-1.448410034179687500e+00
-1.448483705520629883e+00
-1.448635101318359375e+00
-1.448782801628112793e+00
-1.448905467987060547e+00
-1.449015021324157715e+00
-1.449140667915344238e+00
-1.448943376541137695e+00
-1.449196934700012207e+00
-1.449382305145263672e+00
-1.449548721313476562e+00
-1.449824094772338867e+00
-1.450130820274353027e+00
-1.450375914573669434e+00
-1.450543284416198730e+00
-1.450667262077331543e+00
-1.450777769088745117e+00
-1.450883626937866211e+00
-1.450991749763488770e+00
-1.451073288917541504e+00
-1.451132535934448242e+00
-1.451202273368835449e+00
-1.451118946075439453e+00
-1.451213598251342773e+00
-1.451279997825622559e+00
-1.451340913772583008e+00
-1.451390743255615234e+00
-1.451446294784545898e+00
-1.451498985290527344e+00
-1.451572656631469727e+00
-1.451667189598083496e+00
-1.451748967170715332e+00
-1.451861500740051270e+00
-1.451998472213745117e+00
-1.452078223228454590e+00
-1.452162265777587891e+00
-1.452321171760559082e+00
-1.452490091323852539e+00
-1.452669262886047363e+00
-1.452866196632385254e+00
-1.453070044517517090e+00
-1.453240394592285156e+00
-1.453439235687255859e+00
-1.453634023666381836e+00
-1.453773975372314453e+00
-1.453912138938903809e+00
-1.453959226608276367e+00
-1.454259753227233887e+00
-1.454552769660949707e+00
-1.454819083213806152e+00
-1.455129384994506836e+00
-1.455417871475219727e+00
-1.455733418464660645e+00
-1.455956459045410156e+00
-1.456184387207031250e+00
-1.456531882286071777e+00
-1.456821799278259277e+00
-1.457038044929504395e+00
-1.457332611083984375e+00
-1.457659721374511719e+00
-1.457916736602783203e+00
-1.458117723464965820e+00
-1.458249330520629883e+00
-1.458426594734191895e+00
-1.458545327186584473e+00
-1.458637833595275879e+00
-1.458697795867919922e+00
-1.458777666091918945e+00
-1.458851337432861328e+00
-1.459005355834960938e+00
-1.459189176559448242e+00
-1.459335207939147949e+00
-1.459478497505187988e+00
-1.459638714790344238e+00
-1.459772944450378418e+00
-1.459920525550842285e+00
-1.460061669349670410e+00
-1.460156917572021484e+00
-1.460251331329345703e+00
-1.460328698158264160e+00
-1.460423946380615234e+00
-1.460546255111694336e+00
-1.460676193237304688e+00
-1.460807442665100098e+00
-1.461027383804321289e+00
-1.461269259452819824e+00
-1.461521148681640625e+00
-1.461729288101196289e+00
-1.461912512779235840e+00
-1.462045669555664062e+00
-1.462182998657226562e+00
-1.462283253669738770e+00
-1.462365269660949707e+00
-1.462428808212280273e+00
-1.462480068206787109e+00
-1.462516069412231445e+00
-1.462552428245544434e+00
-1.462582945823669434e+00
-1.462591886520385742e+00
-1.462604284286499023e+00
-1.462619662284851074e+00
-1.462625741958618164e+00
-1.462654352188110352e+00
-1.462671399116516113e+00
-1.462702512741088867e+00
-1.462740778923034668e+00
-1.462776064872741699e+00
-1.462831020355224609e+00
-1.462792992591857910e+00
-1.462864637374877930e+00
-1.462905764579772949e+00
-1.462960124015808105e+00
-1.463006019592285156e+00
-1.463043093681335449e+00
-1.463004231452941895e+00
-1.463093280792236328e+00
-1.463161230087280273e+00
-1.463245511054992676e+00
-1.463323831558227539e+00
-1.463398456573486328e+00
-1.463474750518798828e+00
-1.463419795036315918e+00
-1.463500380516052246e+00
-1.463555932044982910e+00
-1.463654160499572754e+00
-1.463713288307189941e+00
-1.463784337043762207e+00
-1.463835597038269043e+00
-1.463921666145324707e+00
-1.463992476463317871e+00
-1.464043498039245605e+00
-1.464128255844116211e+00
-1.464193582534790039e+00
-1.464325547218322754e+00
-1.464381933212280273e+00
-1.464459300041198730e+00
-1.464587450027465820e+00
-1.464708805084228516e+00
-1.464816451072692871e+00
-1.464901685714721680e+00
-1.465028166770935059e+00
-1.465147733688354492e+00
-1.465260028839111328e+00
-1.465398430824279785e+00
-1.465581655502319336e+00
-1.465770840644836426e+00
-1.465849757194519043e+00
-1.465973734855651855e+00
-1.466037034988403320e+00
-1.466078042984008789e+00
-1.466100096702575684e+00
-1.466121196746826172e+00
-1.466148853302001953e+00
-1.466164588928222656e+00
-1.466197967529296875e+00
-1.466231226921081543e+00
-1.466274142265319824e+00
-1.466315388679504395e+00
-1.466355681419372559e+00
-1.466406106948852539e+00
-1.466513633728027344e+00
-1.466570615768432617e+00
-1.466722726821899414e+00
-1.466838598251342773e+00
-1.466922998428344727e+00
-1.466988444328308105e+00
-1.467039465904235840e+00
-1.467074871063232422e+00
-1.467199563980102539e+00
-1.467347621917724609e+00
-1.467497825622558594e+00
-1.467650055885314941e+00
-1.467810153961181641e+00
-1.467948317527770996e+00
-1.468058586120605469e+00
-1.468158245086669922e+00
-1.468300104141235352e+00
-1.468529462814331055e+00
-1.468708872795104980e+00
-1.468911528587341309e+00
-1.469124674797058105e+00
-1.469390273094177246e+00
-1.469663619995117188e+00
-1.470110654830932617e+00
-1.470508813858032227e+00
-1.470919489860534668e+00
-1.471231341361999512e+00
-1.471483826637268066e+00
-1.471836686134338379e+00
-1.472071528434753418e+00
-1.472328901290893555e+00
-1.472696423530578613e+00
-1.473117113113403320e+00
-1.473436117172241211e+00
-1.473745107650756836e+00
-1.473893404006958008e+00
-1.474218964576721191e+00
-1.474451184272766113e+00
-1.474659085273742676e+00
-1.474856019020080566e+00
-1.475042462348937988e+00
-1.475190997123718262e+00
-1.475306510925292969e+00
-1.475465893745422363e+00
-1.475643873214721680e+00
-1.475812196731567383e+00
-1.476012825965881348e+00
-1.476216912269592285e+00
-1.476430296897888184e+00
-1.476669549942016602e+00
-1.476915001869201660e+00
-1.477106571197509766e+00
-1.477278232574462891e+00
-1.477442026138305664e+00
-1.477421522140502930e+00
-1.477500915527343750e+00
-1.477601528167724609e+00
-1.477780222892761230e+00
-1.477987408638000488e+00
-1.478189706802368164e+00
-1.478394746780395508e+00
-1.478643417358398438e+00
-1.478875517845153809e+00
-1.479124546051025391e+00
-1.479322195053100586e+00
-1.479534387588500977e+00
-1.479794263839721680e+00
-1.480061531066894531e+00
-1.480286121368408203e+00
-1.480517745018005371e+00
-1.480684876441955566e+00
-1.480834960937500000e+00
-1.480975031852722168e+00
-1.481110692024230957e+00
-1.481226325035095215e+00
-1.481439232826232910e+00
-1.481704115867614746e+00
-1.482009649276733398e+00
-1.482383370399475098e+00
-1.482800245285034180e+00
-1.483314037322998047e+00
-1.483649492263793945e+00
-1.484159708023071289e+00
-1.484546184539794922e+00
-1.484801530838012695e+00
-1.484997153282165527e+00
-1.485267281532287598e+00
-1.485563397407531738e+00
-1.485729575157165527e+00
-1.485933542251586914e+00
-1.486083388328552246e+00
-1.486192584037780762e+00
-1.486320495605468750e+00
-1.486436128616333008e+00
-1.486577630043029785e+00
-1.486855149269104004e+00
-1.478911638259887695e+00
-1.486971974372863770e+00
-1.487286806106567383e+00
-1.487637877464294434e+00
-1.488025069236755371e+00
-1.488380908966064453e+00
-1.488651633262634277e+00
-1.488798856735229492e+00
-1.489054918289184570e+00
-1.489226579666137695e+00
-1.489467620849609375e+00
-1.489700555801391602e+00
-1.489911794662475586e+00
-1.490179538726806641e+00
-1.490427374839782715e+00
-1.490728020668029785e+00
-1.491002440452575684e+00
-1.491298079490661621e+00
-1.491449594497680664e+00
-1.491586446762084961e+00
-1.491688013076782227e+00
-1.491776347160339355e+00
-1.491858959197998047e+00
-1.491962909698486328e+00
-1.492079854011535645e+00
-1.492157220840454102e+00
-1.490461230278015137e+00
-1.492172598838806152e+00
-1.492225050926208496e+00
-1.492292165756225586e+00
-1.492335081100463867e+00
-1.492354750633239746e+00
-1.492392659187316895e+00
-1.492426753044128418e+00
-1.492439508438110352e+00
-1.492457509040832520e+00
-1.492479562759399414e+00
-1.492514371871948242e+00
-1.492511510848999023e+00
-1.492572307586669922e+00
-1.492609620094299316e+00
-1.492699742317199707e+00
-1.492748498916625977e+00
-1.492800951004028320e+00
-1.492869377136230469e+00
-1.492946147918701172e+00
-1.492235660552978516e+00
-1.492980122566223145e+00
-1.493066072463989258e+00
-1.493188500404357910e+00
-1.493363618850708008e+00
-1.493517637252807617e+00
-1.493679165840148926e+00
-1.493809342384338379e+00
-1.493968367576599121e+00
-1.494094848632812500e+00
-1.494279980659484863e+00
-1.494440555572509766e+00
-1.494585871696472168e+00
-1.494674921035766602e+00
-1.494787454605102539e+00
-1.494864225387573242e+00
-1.494955420494079590e+00
-1.495025277137756348e+00
-1.495098233222961426e+00
-1.495122790336608887e+00
-1.495305418968200684e+00
-1.495430350303649902e+00
-1.495593309402465820e+00
-1.495753765106201172e+00
-1.495921969413757324e+00
-1.496098875999450684e+00
-1.496254682540893555e+00
-1.496419191360473633e+00
-1.496554493904113770e+00
-1.496743559837341309e+00
-1.496966719627380371e+00
-1.497200131416320801e+00
-1.497400522232055664e+00
-1.497564315795898438e+00
-1.497695446014404297e+00
-1.497851490974426270e+00
-1.497971653938293457e+00
-1.498052477836608887e+00
-1.498146533966064453e+00
-1.498219728469848633e+00
-1.498274087905883789e+00
-1.498325228691101074e+00
-1.498421788215637207e+00
-1.498504519462585449e+00
-1.498590230941772461e+00
-1.497713446617126465e+00
-1.498607754707336426e+00
-1.498706459999084473e+00
-1.498804807662963867e+00
-1.498875975608825684e+00
-1.498931527137756348e+00
-1.498986840248107910e+00
-1.499048471450805664e+00
-1.499112963676452637e+00
-1.499200582504272461e+00
-1.499272942543029785e+00
-1.499376058578491211e+00
-1.499444603919982910e+00
-1.499496936798095703e+00
-1.499541759490966797e+00
-1.499607086181640625e+00
-1.499679923057556152e+00
-1.499235153198242188e+00
-1.499701619148254395e+00
-1.499779820442199707e+00
-1.499841332435607910e+00
-1.499917507171630859e+00
-1.500007390975952148e+00
-1.500052571296691895e+00
-1.500138163566589355e+00
-1.500228285789489746e+00
-1.500351786613464355e+00
-1.500474691390991211e+00
-1.500623941421508789e+00
-1.500781655311584473e+00
-1.500999569892883301e+00
-1.501222133636474609e+00
-1.501425743103027344e+00
-1.501632690429687500e+00
-1.501854181289672852e+00
-1.501858353614807129e+00
-1.501976728439331055e+00
-1.502249360084533691e+00
-1.502477765083312988e+00
-1.502667903900146484e+00
-1.502847671508789062e+00
-1.502942919731140137e+00
-1.503084540367126465e+00
-1.503254055976867676e+00
-1.503425121307373047e+00
-1.503594398498535156e+00
-1.503323554992675781e+00
-1.503828763961791992e+00
-1.504026889801025391e+00
-1.504376173019409180e+00
-1.504711866378784180e+00
-1.504900813102722168e+00
-1.505098223686218262e+00
-1.505308628082275391e+00
-1.505521535873413086e+00
-1.505729317665100098e+00
-1.505873799324035645e+00
-1.506040334701538086e+00
-1.506153941154479980e+00
-1.506276249885559082e+00
-1.506415963172912598e+00
-1.506542563438415527e+00
-1.506686687469482422e+00
-1.506834387779235840e+00
-1.506938457489013672e+00
-1.506736040115356445e+00
-1.507007956504821777e+00
-1.507139086723327637e+00
-1.507294535636901855e+00
-1.507507205009460449e+00
-1.507706284523010254e+00
-1.507893323898315430e+00
-1.508089065551757812e+00
-1.508302927017211914e+00
-1.508616805076599121e+00
-1.508824706077575684e+00
-1.509149909019470215e+00
-1.509354591369628906e+00
-1.509560108184814453e+00
-1.509664535522460938e+00
-1.509802103042602539e+00
-1.509930014610290527e+00
-1.510091781616210938e+00
-1.510237932205200195e+00
-1.510354399681091309e+00
-1.510446548461914062e+00
-1.510559797286987305e+00
-1.510652184486389160e+00
-1.510772109031677246e+00
-1.510861515998840332e+00
-1.510963678359985352e+00
-1.511068940162658691e+00
-1.510519385337829590e+00
-1.511100530624389648e+00
-1.511212468147277832e+00
-1.511337161064147949e+00
-1.511455416679382324e+00
-1.511572718620300293e+00
-1.511645197868347168e+00
-1.511716008186340332e+00
-1.511838197708129883e+00
-1.511927366256713867e+00
-1.512041568756103516e+00
-1.512130141258239746e+00
-1.512163519859313965e+00
-1.512225270271301270e+00
-1.512255311012268066e+00
-1.512314915657043457e+00
-1.512360334396362305e+00
-1.512433171272277832e+00
-1.512512087821960449e+00
-1.512577891349792480e+00
-1.512616395950317383e+00
-1.512650132179260254e+00
-1.512712955474853516e+00
-1.512760877609252930e+00
-1.512813329696655273e+00
-1.512856602668762207e+00
-1.512886285781860352e+00
-1.512934923171997070e+00
-1.512978315353393555e+00
-1.513031363487243652e+00
-1.513079404830932617e+00
-1.513169527053833008e+00
-1.513261556625366211e+00
-1.513368844985961914e+00
-1.513487935066223145e+00
-1.513607740402221680e+00
-1.513727188110351562e+00
-1.513823270797729492e+00
-1.513941526412963867e+00
-1.514043927192687988e+00
-1.514218330383300781e+00
-1.514351606369018555e+00
-1.514519333839416504e+00
-1.514692783355712891e+00
-1.514816761016845703e+00
-1.514942646026611328e+00
-1.515078544616699219e+00
-1.515257716178894043e+00
-1.515435218811035156e+00
-1.515540957450866699e+00
-1.515643715858459473e+00
-1.515732288360595703e+00
-1.515780329704284668e+00
-1.515820622444152832e+00
-1.515859603881835938e+00
-1.515898227691650391e+00
-1.515917778015136719e+00
-1.515953779220581055e+00
-1.515971779823303223e+00
-1.516029834747314453e+00
-1.516078710556030273e+00
-1.516102194786071777e+00
-1.516149878501892090e+00
-1.516170144081115723e+00
-1.516208171844482422e+00
-1.516234874725341797e+00
-1.516255617141723633e+00
-1.516292452812194824e+00
-1.516292810440063477e+00
-1.516322016716003418e+00
-1.516333341598510742e+00
-1.516372323036193848e+00
-1.516418814659118652e+00
-1.516476988792419434e+00
-1.516540646553039551e+00
-1.516597390174865723e+00
-1.516656875610351562e+00
-1.516750097274780273e+00
-1.516840577125549316e+00
-1.516935229301452637e+00
-1.517021417617797852e+00
-1.517098546028137207e+00
-1.517175674438476562e+00
-1.517242312431335449e+00
-1.517297029495239258e+00
-1.517399907112121582e+00
-1.517509460449218750e+00
-1.517620563507080078e+00
-1.517724156379699707e+00
-1.517845630645751953e+00
-1.517969131469726562e+00
-1.518073678016662598e+00
-1.518184900283813477e+00
-1.518293023109436035e+00
-1.518406152725219727e+00
-1.518510580062866211e+00
-1.518636703491210938e+00
-1.518731474876403809e+00
-1.518806457519531250e+00
-1.518875718116760254e+00
-1.518948554992675781e+00
-1.519019246101379395e+00
-1.519108653068542480e+00
-1.519202351570129395e+00
-1.519285559654235840e+00
-1.519390463829040527e+00
-1.519472837448120117e+00
-1.519549727439880371e+00
-1.519638538360595703e+00
-1.519744753837585449e+00
-1.519826412200927734e+00
-1.519926309585571289e+00
-1.520055174827575684e+00
-1.520190715789794922e+00
-1.520321607589721680e+00
-1.520408511161804199e+00
-1.520483136177062988e+00
-1.520517706871032715e+00
-1.520546555519104004e+00
-1.520575284957885742e+00
-1.520593166351318359e+00
-1.520630240440368652e+00
-1.520655632019042969e+00
-1.520693182945251465e+00
-1.520736455917358398e+00
-1.520799517631530762e+00
-1.520809769630432129e+00
-1.520884990692138672e+00
-1.520952224731445312e+00
-1.521001338958740234e+00
-1.521092772483825684e+00
-1.521223425865173340e+00
-1.521297931671142578e+00
-1.521428108215332031e+00
-1.521570324897766113e+00
-1.521723270416259766e+00
-1.521833062171936035e+00
-1.521900415420532227e+00
-1.521959424018859863e+00
-1.522049903869628906e+00
-1.522242784500122070e+00
-1.522402882575988770e+00
-1.522508502006530762e+00
-1.522639632225036621e+00
-1.522727966308593750e+00
-1.522858500480651855e+00
-1.523000717163085938e+00
-1.523113369941711426e+00
-1.523215532302856445e+00
-1.523342251777648926e+00
-1.523465871810913086e+00
-1.523602366447448730e+00
-1.523744225502014160e+00
-1.523698210716247559e+00
-1.523820042610168457e+00
-1.499516963958740234e+00
-1.523931503295898438e+00
-1.524123787879943848e+00
-1.524286627769470215e+00
-1.524485230445861816e+00
-1.524721741676330566e+00
-1.511146068572998047e+00
-1.524812102317810059e+00
-1.524970650672912598e+00
-1.525199055671691895e+00
-1.525526165962219238e+00
-1.525692939758300781e+00
-1.525946378707885742e+00
-1.526078104972839355e+00
-1.526238679885864258e+00
-1.526450991630554199e+00
-1.526588559150695801e+00
-1.526777505874633789e+00
-1.526985168457031250e+00
-1.527178168296813965e+00
-1.527341723442077637e+00
-1.527577280998229980e+00
-1.527796864509582520e+00
-1.527945876121520996e+00
-1.528111457824707031e+00
-1.528187632560729980e+00
-1.528291583061218262e+00
-1.528476953506469727e+00
-1.528608322143554688e+00
-1.528694033622741699e+00
-1.528806805610656738e+00
-1.528944253921508789e+00
-1.529069542884826660e+00
-1.529140710830688477e+00
-1.529200673103332520e+00
-1.529242753982543945e+00
-1.529263138771057129e+00
-1.529311299324035645e+00
-1.529352068901062012e+00
-1.529384493827819824e+00
-1.529423594474792480e+00
-1.529471993446350098e+00
-1.529508233070373535e+00
-1.529539704322814941e+00
-1.529570460319519043e+00
-1.529590010643005371e+00
-1.529614686965942383e+00
-1.529639482498168945e+00
-1.529625773429870605e+00
-1.529617667198181152e+00
-1.529619932174682617e+00
-1.529630184173583984e+00
-1.529639482498168945e+00
