2.587406396865844727e+00
2.557330608367919922e+00
2.307326316833496094e+00
2.308061361312866211e+00
2.155290603637695312e+00
2.070589303970336914e+00
1.713628292083740234e+00
1.672662496566772461e+00
1.596654415130615234e+00
1.569131135940551758e+00
1.564628601074218750e+00
1.557754755020141602e+00
1.546169757843017578e+00
1.527514219284057617e+00
1.499830603599548340e+00
1.483474612236022949e+00
1.451689720153808594e+00
1.427159547805786133e+00
1.412311315536499023e+00
1.403729438781738281e+00
1.389197111129760742e+00
1.364324450492858887e+00
1.290497064590454102e+00
1.257161140441894531e+00
1.239385604858398438e+00
1.222386002540588379e+00
1.198790550231933594e+00
1.169407248497009277e+00
1.093273878097534180e+00
1.120160818099975586e+00
1.046962738037109375e+00
1.008669972419738770e+00
9.661577343940734863e-01
9.450653195381164551e-01
9.368935823440551758e-01
9.328108429908752441e-01
9.308798909187316895e-01
9.279075264930725098e-01
9.227913618087768555e-01
9.112975001335144043e-01
8.963755369186401367e-01
8.834146261215209961e-01
8.725571632385253906e-01
8.633483648300170898e-01
8.598958849906921387e-01
8.591365814208984375e-01
8.587396144866943359e-01
8.584315776824951172e-01
8.571777343750000000e-01
8.548650145530700684e-01
8.541430830955505371e-01
8.524650335311889648e-01
8.510865569114685059e-01
8.497897982597351074e-01
8.486560583114624023e-01
8.471928834915161133e-01
8.446113467216491699e-01
8.428344726562500000e-01
8.401786684989929199e-01
8.354563713073730469e-01
8.306071758270263672e-01
8.266981840133666992e-01
8.267796635627746582e-01
8.245690464973449707e-01
8.229876160621643066e-01
8.224641084671020508e-01
8.220087289810180664e-01
8.212442398071289062e-01
8.199977278709411621e-01
8.175710439682006836e-01
8.168808817863464355e-01
8.144007325172424316e-01
8.039482235908508301e-01
7.962469458580017090e-01
7.933338284492492676e-01
7.905291318893432617e-01
7.887202501296997070e-01
7.864185571670532227e-01
7.848157286643981934e-01
7.821311950683593750e-01
7.791185379028320312e-01
7.768427729606628418e-01
7.749924063682556152e-01
7.736224532127380371e-01
7.721820473670959473e-01
7.708002924919128418e-01
7.701990008354187012e-01
7.699333429336547852e-01
7.695472240447998047e-01
7.690926790237426758e-01
7.688115239143371582e-01
7.683926224708557129e-01
7.679927349090576172e-01
7.673115730285644531e-01
7.663736939430236816e-01
7.645401954650878906e-01
7.615407109260559082e-01
8.195767998695373535e-01
7.595720887184143066e-01
7.576460838317871094e-01
7.550289034843444824e-01
7.537273764610290527e-01
7.532576322555541992e-01
7.528823614120483398e-01
7.524007558822631836e-01
7.517339587211608887e-01
7.510306835174560547e-01
7.499880790710449219e-01
7.484384775161743164e-01
7.465565800666809082e-01
7.448823451995849609e-01
7.422889471054077148e-01
7.413316369056701660e-01
7.402961850166320801e-01
7.390813231468200684e-01
7.380191683769226074e-01
7.373225092887878418e-01
7.369538545608520508e-01
7.362292408943176270e-01
7.353804707527160645e-01
7.342942357063293457e-01
7.330639362335205078e-01
7.323802113533020020e-01
7.317822575569152832e-01
7.311450242996215820e-01
7.304310202598571777e-01
7.295927405357360840e-01
7.285808324813842773e-01
7.275387644767761230e-01
7.266550660133361816e-01
7.260889410972595215e-01
7.257696986198425293e-01
7.255076169967651367e-01
7.253363132476806641e-01
7.249612212181091309e-01
7.245650291442871094e-01
7.241960167884826660e-01
7.236694693565368652e-01
7.231777310371398926e-01
7.223987579345703125e-01
7.215840816497802734e-01
7.210754156112670898e-01
7.206913232803344727e-01
7.188692092895507812e-01
7.182564139366149902e-01
7.172214984893798828e-01
7.161467671394348145e-01
7.150955796241760254e-01
7.133802771568298340e-01
7.117455601692199707e-01
7.096427083015441895e-01
7.081636786460876465e-01
7.067228555679321289e-01
7.058966755867004395e-01
7.047420144081115723e-01
7.037594318389892578e-01
7.034939527511596680e-01
7.028136253356933594e-01
7.019007205963134766e-01
7.012010216712951660e-01
7.002561092376708984e-01
6.993184685707092285e-01
6.986829638481140137e-01
6.982210278511047363e-01
6.977007985115051270e-01
6.972120404243469238e-01
6.967383027076721191e-01
6.962942481040954590e-01
6.957721710205078125e-01
6.951737999916076660e-01
6.945757269859313965e-01
6.936327219009399414e-01
6.927422285079956055e-01
6.913618445396423340e-01
6.920483708381652832e-01
6.909509301185607910e-01
6.901599168777465820e-01
6.897969841957092285e-01
6.893247961997985840e-01
6.886010766029357910e-01
6.872788667678833008e-01
6.881155967712402344e-01
6.864294409751892090e-01
6.847859621047973633e-01
6.793389916419982910e-01
6.720579862594604492e-01
6.922163367271423340e-01
6.684657335281372070e-01
6.637626290321350098e-01
6.602901816368103027e-01
6.580998897552490234e-01
6.589345932006835938e-01
6.575747132301330566e-01
6.568800806999206543e-01
6.561455130577087402e-01
6.549303531646728516e-01
6.538785696029663086e-01
6.534225940704345703e-01
6.528210043907165527e-01
6.521286368370056152e-01
6.515102982521057129e-01
6.506631970405578613e-01
6.496810913085937500e-01
6.475518345832824707e-01
6.453657150268554688e-01
6.432934999465942383e-01
6.475762724876403809e-01
6.422007679939270020e-01
6.407929062843322754e-01
6.387616395950317383e-01
6.361588835716247559e-01
6.347379684448242188e-01
6.325820684432983398e-01
6.295449137687683105e-01
6.263219118118286133e-01
6.220920085906982422e-01
6.175658702850341797e-01
6.129200458526611328e-01
6.088572740554809570e-01
6.073723435401916504e-01
6.056678891181945801e-01
6.041236519813537598e-01
6.028923392295837402e-01
6.015301942825317383e-01
5.998116135597229004e-01
5.987520217895507812e-01
5.949546098709106445e-01
5.924264192581176758e-01
5.879170298576354980e-01
5.856741070747375488e-01
5.796976685523986816e-01
5.755057334899902344e-01
5.706405043601989746e-01
5.690239071846008301e-01
5.664050579071044922e-01
5.653457045555114746e-01
5.646985769271850586e-01
5.627589821815490723e-01
5.601504445075988770e-01
5.567285418510437012e-01
5.537911057472229004e-01
5.515403151512145996e-01
5.497983694076538086e-01
5.480716824531555176e-01
5.461218953132629395e-01
5.443480014801025391e-01
5.429183244705200195e-01
5.412083268165588379e-01
5.385255217552185059e-01
5.346626639366149902e-01
5.294190645217895508e-01
5.231385827064514160e-01
5.129076242446899414e-01
4.991085529327392578e-01
4.908671975135803223e-01
4.837778210639953613e-01
4.768719077110290527e-01
4.619902074337005615e-01
4.574999809265136719e-01
4.509125947952270508e-01
4.456813037395477295e-01
4.386378526687622070e-01
4.307930767536163330e-01
4.266928136348724365e-01
4.240317642688751221e-01
4.223618507385253906e-01
4.204611778259277344e-01
4.195364713668823242e-01
4.189130961894989014e-01
4.184639751911163330e-01
4.181706011295318604e-01
4.177298247814178467e-01
4.168649315834045410e-01
4.155344963073730469e-01
4.134170413017272949e-01
4.101298749446868896e-01
4.057489931583404541e-01
4.011733531951904297e-01
3.954925239086151123e-01
3.930873870849609375e-01
3.915906548500061035e-01
3.902230262756347656e-01
3.893268406391143799e-01
3.884394168853759766e-01
3.877957463264465332e-01
3.874163925647735596e-01
3.868055343627929688e-01
3.852082490921020508e-01
3.832179307937622070e-01
3.806885182857513428e-01
3.771145939826965332e-01
3.727703690528869629e-01
3.701187372207641602e-01
3.674402534961700439e-01
3.648755252361297607e-01
3.627168834209442139e-01
3.596933782100677490e-01
3.578873276710510254e-01
3.555476367473602295e-01
3.534491360187530518e-01
3.514747619628906250e-01
3.492701351642608643e-01
3.484241366386413574e-01
3.473952710628509521e-01
3.458029627799987793e-01
3.437228500843048096e-01
3.407378196716308594e-01
3.370956778526306152e-01
3.333408832550048828e-01
3.286696076393127441e-01
3.288275897502899170e-01
3.268420696258544922e-01
3.247337043285369873e-01
3.207209706306457520e-01
3.178007006645202637e-01
3.151810169219970703e-01
3.128649294376373291e-01
3.110013604164123535e-01
3.098340034484863281e-01
3.090549111366271973e-01
3.079757988452911377e-01
3.070825338363647461e-01
3.063815832138061523e-01
3.059392273426055908e-01
3.056277632713317871e-01
3.051936626434326172e-01
3.043519258499145508e-01
3.033055067062377930e-01
3.018288314342498779e-01
3.003120720386505127e-01
2.984583377838134766e-01
2.959674298763275146e-01
2.916838228702545166e-01
2.893048226833343506e-01
2.876622974872589111e-01
2.865454554557800293e-01
2.854205369949340820e-01
2.839277684688568115e-01
2.832029163837432861e-01
2.826399803161621094e-01
2.817814648151397705e-01
2.808381319046020508e-01
2.795123457908630371e-01
2.780504524707794189e-01
2.755502760410308838e-01
2.732445597648620605e-01
2.697879374027252197e-01
2.679070234298706055e-01
2.666194140911102295e-01
2.652765214443206787e-01
2.644389569759368896e-01
2.623613178730010986e-01
2.595502436161041260e-01
2.579200863838195801e-01
2.568455338478088379e-01
2.557888031005859375e-01
2.546267211437225342e-01
2.533164322376251221e-01
2.519113719463348389e-01
2.500873506069183350e-01
2.480544745922088623e-01
2.464020848274230957e-01
2.441853433847427368e-01
2.425704896450042725e-01
2.401471436023712158e-01
2.351617366075515747e-01
2.297759205102920532e-01
2.263874709606170654e-01
2.250784188508987427e-01
2.217586785554885864e-01
2.190795689821243286e-01
2.158747464418411255e-01
2.139122188091278076e-01
2.089759707450866699e-01
2.056690603494644165e-01
2.022913843393325806e-01
2.011959850788116455e-01
2.006909996271133423e-01
2.002747058868408203e-01
2.001987993717193604e-01
2.001441419124603271e-01
2.000669091939926147e-01
1.996773779392242432e-01
1.992933303117752075e-01
1.988749057054519653e-01
1.982913315296173096e-01
1.973888278007507324e-01
1.958354562520980835e-01
1.934878230094909668e-01
1.903399676084518433e-01
1.866016983985900879e-01
1.825959384441375732e-01
1.784479320049285889e-01
1.751968860626220703e-01
1.728916913270950317e-01
1.718721240758895874e-01
1.705920249223709106e-01
1.695457696914672852e-01
1.685889959335327148e-01
1.678095608949661255e-01
1.674286872148513794e-01
1.672454923391342163e-01
1.668774485588073730e-01
1.655624359846115112e-01
1.635611653327941895e-01
1.606910973787307739e-01
1.570317298173904419e-01
1.536498069763183594e-01
1.507885903120040894e-01
1.481488943099975586e-01
1.451406180858612061e-01
1.428630650043487549e-01
1.408700197935104370e-01
1.388345807790756226e-01
1.344916820526123047e-01
1.314166784286499023e-01
1.295337975025177002e-01
1.277110874652862549e-01
1.267706006765365601e-01
1.251556724309921265e-01
1.230647861957550049e-01
1.211857199668884277e-01
1.191623210906982422e-01
1.175543516874313354e-01
1.163668185472488403e-01
1.157726794481277466e-01
1.154815033078193665e-01
1.152753755450248718e-01
1.150624379515647888e-01
1.147464141249656677e-01
1.142921000719070435e-01
1.135354191064834595e-01
1.123696491122245789e-01
1.103734821081161499e-01
1.075941175222396851e-01
1.053281873464584351e-01
1.027676537632942200e-01
1.009090021252632141e-01
9.838396310806274414e-02
9.690111130475997925e-02
9.639306366443634033e-02
9.595586359500885010e-02
9.545020014047622681e-02
9.486655890941619873e-02
9.365385025739669800e-02
9.179169684648513794e-02
8.898538351058959961e-02
8.630717545747756958e-02
8.442077785730361938e-02
8.252602070569992065e-02
8.138867467641830444e-02
7.998518645763397217e-02
7.839258015155792236e-02
7.650240510702133179e-02
7.428814470767974854e-02
7.172366231679916382e-02
6.891354173421859741e-02
6.603949517011642456e-02
6.441409885883331299e-02
6.308671087026596069e-02
6.255951523780822754e-02
6.200187653303146362e-02
6.123417243361473083e-02
6.038447469472885132e-02
5.912336334586143494e-02
5.752380564808845520e-02
5.601832270622253418e-02
5.467438697814941406e-02
5.356674641370773315e-02
5.255243182182312012e-02
5.222363770008087158e-02
5.164216831326484680e-02
5.117585510015487671e-02
5.094805732369422913e-02
5.059491470456123352e-02
5.026574060320854187e-02
5.000572279095649719e-02
4.983824491500854492e-02
4.969115555286407471e-02
4.954226315021514893e-02
4.934392124414443970e-02
4.910637810826301575e-02
4.890251532196998596e-02
4.872688278555870056e-02
4.855243116617202759e-02
4.833561927080154419e-02
4.797821491956710815e-02
4.734878614544868469e-02
4.654620215296745300e-02
4.579436779022216797e-02
4.542735591530799866e-02
4.456879198551177979e-02
4.377008602023124695e-02
4.267150536179542542e-02
4.172287508845329285e-02
4.098138213157653809e-02
4.013347253203392029e-02
3.919336944818496704e-02
3.846455737948417664e-02
3.783991932868957520e-02
3.730532899498939514e-02
3.697571903467178345e-02
3.606439009308815002e-02
3.529631718993186951e-02
3.466490656137466431e-02
3.435524180531501770e-02
3.387572616338729858e-02
3.343868255615234375e-02
3.265158832073211670e-02
3.184767439961433411e-02
3.163285180926322937e-02
3.142013773322105408e-02
3.121604211628437042e-02
3.076598793268203735e-02
3.029765188694000244e-02
2.994504012167453766e-02
2.977051399648189545e-02
2.961980551481246948e-02
2.946009486913681030e-02
2.928726002573966980e-02
2.911784127354621887e-02
2.893305197358131409e-02
2.869764156639575958e-02
2.841880172491073608e-02
2.807635813951492310e-02
2.764295414090156555e-02
2.695618011057376862e-02
2.618731558322906494e-02
2.537309192121028900e-02
2.507798559963703156e-02
2.461041882634162903e-02
2.429012022912502289e-02
2.410542033612728119e-02
2.387227676808834076e-02
2.355074882507324219e-02
2.319177985191345215e-02
2.286699600517749786e-02
2.258345112204551697e-02
2.243730798363685608e-02
2.236453816294670105e-02
2.230719849467277527e-02
2.224739082157611847e-02
2.208912931382656097e-02
2.184293791651725769e-02
2.153423987329006195e-02
2.119608409702777863e-02
2.080343104898929596e-02
2.027664147317409515e-02
1.964165084064006805e-02
1.891731470823287964e-02
1.915540918707847595e-02
1.831725984811782837e-02
1.801870949566364288e-02
1.763192191720008850e-02
1.736214943230152130e-02
1.717427931725978851e-02
1.670823246240615845e-02
1.614008657634258270e-02
1.567877084016799927e-02
1.497900020331144333e-02
1.454283576458692551e-02
1.346681546419858932e-02
1.310413330793380737e-02
1.234283577650785446e-02
1.211507245898246765e-02
1.193222217261791229e-02
1.180683542042970657e-02
1.150790881365537643e-02
1.125629991292953491e-02
1.111305598169565201e-02
1.058225519955158234e-02
1.001149602234363556e-02
9.659687057137489319e-03
9.244144894182682037e-03
8.776507340371608734e-03
8.564936928451061249e-03
8.386627770960330963e-03
8.251425810158252716e-03
8.110846392810344696e-03
7.924522273242473602e-03
7.656788919121026993e-03
7.171805016696453094e-03
6.357786245644092560e-03
5.648239050060510635e-03
4.547364544123411179e-03
4.055611323565244675e-03
2.906359499320387840e-03
2.222412731498479843e-03
1.456694561056792736e-03
8.079257095232605934e-04
1.369329402223229408e-03
5.374741740524768829e-04
3.397498221602290869e-04
1.220610720338299870e-04
-4.799523594556376338e-05
-2.155800757464021444e-04
-3.988528915215283632e-04
-6.107686203904449940e-04
-7.912519504316151142e-04
-1.033198088407516479e-03
-1.279900316148996353e-03
-1.539783435873687267e-03
-1.668912824243307114e-03
-1.909086480736732483e-03
-2.117240568622946739e-03
-2.330126706510782242e-03
-2.573010046035051346e-03
-2.977648284286260605e-03
-3.653546096757054329e-03
-4.254812840372323990e-03
-4.899426829069852829e-03
-6.348476745188236237e-03
-7.920174859464168549e-03
-9.407950565218925476e-03
-1.015662960708141327e-02
-1.135495211929082870e-02
-1.239563059061765671e-02
-1.368347089737653732e-02
-1.511122286319732666e-02
-1.708913594484329224e-02
-1.917973347008228302e-02
-2.082857489585876465e-02
-2.260025963187217712e-02
-2.338800206780433655e-02
-2.492458187043666840e-02
-2.714742533862590790e-02
-2.907237410545349121e-02
-3.088533319532871246e-02
-3.322757780551910400e-02
-3.442098200321197510e-02
-3.536519780755043030e-02
-3.576347231864929199e-02
-3.597126528620719910e-02
-3.620577603578567505e-02
-3.647079318761825562e-02
-3.676304221153259277e-02
-3.716897219419479370e-02
-3.773975744843482971e-02
-3.838972747325897217e-02
-3.930306062102317810e-02
-4.018790647387504578e-02
-4.084932059049606323e-02
-4.140161350369453430e-02
-4.183835536241531372e-02
-4.233417659997940063e-02
-4.288433864712715149e-02
-4.346815124154090881e-02
-4.415942728519439697e-02
-4.495870694518089294e-02
-4.563881829380989075e-02
-4.600124433636665344e-02
-4.716674610972404480e-02
-4.796051234006881714e-02
-4.925467446446418762e-02
-5.065456032752990723e-02
-5.130159109830856323e-02
-5.123983323574066162e-02
-5.162440240383148193e-02
-5.196306109428405762e-02
-5.224347859621047974e-02
-5.256105959415435791e-02
-5.273764953017234802e-02
-5.288688465952873230e-02
-5.318928509950637817e-02
-5.364678055047988892e-02
-5.411909520626068115e-02
-5.490447208285331726e-02
-5.573747679591178894e-02
-5.600022524595260620e-02
-5.651661753654479980e-02
-5.684684216976165771e-02
-5.697353184223175049e-02
-5.723670497536659241e-02
-5.763560533523559570e-02
-5.823253095149993896e-02
-5.901109799742698669e-02
-6.001177802681922913e-02
-6.127652898430824280e-02
-6.280083954334259033e-02
-6.440553814172744751e-02
-6.570958346128463745e-02
-6.631771475076675415e-02
-6.683744490146636963e-02
-6.733672320842742920e-02
-6.801861524581909180e-02
-6.934316456317901611e-02
-7.048837095499038696e-02
-7.088753581047058105e-02
-7.135312259197235107e-02
-7.163226604461669922e-02
-7.177894562482833862e-02
-7.206787168979644775e-02
-7.240212708711624146e-02
-7.268436998128890991e-02
-7.289732247591018677e-02
-7.316533476114273071e-02
-7.361938059329986572e-02
-7.420298457145690918e-02
-7.472458481788635254e-02
-7.511129230260848999e-02
-7.531105726957321167e-02
-7.548504322767257690e-02
-7.581728696823120117e-02
-7.611539214849472046e-02
-7.632848620414733887e-02
-7.643413543701171875e-02
-7.651550322771072388e-02
-7.659880816936492920e-02
-7.670838385820388794e-02
-7.684965431690216064e-02
-7.703086733818054199e-02
-7.725461572408676147e-02
-7.753907144069671631e-02
-7.787889987230300903e-02
-7.816801220178604126e-02
-7.839535176753997803e-02
-7.858940958976745605e-02
-7.874944806098937988e-02
-7.889907807111740112e-02
-7.901956886053085327e-02
-7.916050404310226440e-02
-7.935120165348052979e-02
-7.960264384746551514e-02
-7.988419383764266968e-02
-8.015048503875732422e-02
-8.044515550136566162e-02
-8.080735057592391968e-02
-8.121165633201599121e-02
-8.151092380285263062e-02
-8.185165375471115112e-02
-8.218690007925033569e-02
-8.255063742399215698e-02
-8.283416181802749634e-02
-8.340977877378463745e-02
-8.405482023954391479e-02
-8.481632918119430542e-02
-8.580961078405380249e-02
-8.655429631471633911e-02
-8.720368146896362305e-02
-8.756025135517120361e-02
-8.805944025516510010e-02
-8.870040625333786011e-02
-8.925031125545501709e-02
-9.002430737018585205e-02
-9.085506945848464966e-02
-9.167553484439849854e-02
-9.234927594661712646e-02
-9.328319877386093140e-02
-9.393858164548873901e-02
-9.512364119291305542e-02
-9.619862586259841919e-02
-9.719468653202056885e-02
-9.805148839950561523e-02
-9.934023767709732056e-02
-9.969711303710937500e-02
-1.007348224520683289e-01
-1.011387482285499573e-01
-1.013021767139434814e-01
-1.015073955059051514e-01
-1.016425788402557373e-01
-1.019432693719863892e-01
-1.021800413727760315e-01
-1.024282425642013550e-01
-1.027122363448143005e-01
-1.030067801475524902e-01
-1.032771244645118713e-01
-1.034830510616302490e-01
-1.036771833896636963e-01
-1.038885563611984253e-01
-1.041782125830650330e-01
-1.044283509254455566e-01
-1.047035679221153259e-01
-1.047438606619834900e-01
-1.048191487789154053e-01
-1.049753352999687195e-01
-1.052779182791709900e-01
-1.056884378194808960e-01
-1.055450960993766785e-01
-1.059205234050750732e-01
-1.064304634928703308e-01
-1.069412678480148315e-01
-1.072973161935806274e-01
-1.078347936272621155e-01
-1.082451492547988892e-01
-1.084294915199279785e-01
-1.087002456188201904e-01
-1.088692098855972290e-01
-1.091593429446220398e-01
-1.095061227679252625e-01
-1.099596023559570312e-01
-1.105213537812232971e-01
-1.106112077832221985e-01
-1.111430749297142029e-01
-1.116660237312316895e-01
-1.121809482574462891e-01
-1.125171706080436707e-01
-1.127556487917900085e-01
-1.129264011979103088e-01
-1.131975576281547546e-01
-1.135759577155113220e-01
-1.139790192246437073e-01
-1.144014820456504822e-01
-1.147194057703018188e-01
-1.149872317910194397e-01
-1.151986196637153625e-01
-1.153933927416801453e-01
-1.156840994954109192e-01
-1.162394359707832336e-01
-1.169549301266670227e-01
-1.178145483136177063e-01
-1.187943816184997559e-01
-1.195007711648941040e-01
-1.202115789055824280e-01
-1.209073513746261597e-01
-1.219067424535751343e-01
-1.229309737682342529e-01
-1.243335977196693420e-01
-1.253024041652679443e-01
-1.263130754232406616e-01
-1.268013715744018555e-01
-1.274113506078720093e-01
-1.279038339853286743e-01
-1.282330602407455444e-01
-1.284425407648086548e-01
-1.285574436187744141e-01
-1.286232918500900269e-01
-1.286889463663101196e-01
-1.288018971681594849e-01
-1.289581507444381714e-01
-1.291443109512329102e-01
-1.293376386165618896e-01
-1.295354813337326050e-01
-1.297453343868255615e-01
-1.299069821834564209e-01
-1.301921308040618896e-01
-1.304798126220703125e-01
-1.307489275932312012e-01
-1.310407221317291260e-01
-1.312761455774307251e-01
-1.314981430768966675e-01
-1.317718476057052612e-01
-1.321236640214920044e-01
-1.323045939207077026e-01
-1.325949728488922119e-01
-1.328187584877014160e-01
-1.329825371503829956e-01
-1.331284791231155396e-01
-1.332798898220062256e-01
-1.334804147481918335e-01
-1.335852146148681641e-01
-1.338232159614562988e-01
-1.341413408517837524e-01
-1.345064043998718262e-01
-1.350873112678527832e-01
-1.353867352008819580e-01
-1.359295547008514404e-01
-1.362725794315338135e-01
-1.364838778972625732e-01
-1.367096155881881714e-01
-1.369244605302810669e-01
-1.371176987886428833e-01
-1.372334361076354980e-01
-1.373175829648971558e-01
-1.373575776815414429e-01
-1.374205499887466431e-01
-1.375216841697692871e-01
-1.376607716083526611e-01
-1.378220468759536743e-01
-1.363337188959121704e-01
-1.379042267799377441e-01
-1.381505578756332397e-01
-1.386582255363464355e-01
-1.395401060581207275e-01
-1.391994953155517578e-01
-1.401316821575164795e-01
-1.410447806119918823e-01
-1.418264657258987427e-01
-1.425580531358718872e-01
-1.427969336509704590e-01
-1.429457366466522217e-01
-1.430909335613250732e-01
-1.431421786546707153e-01
-1.432246118783950806e-01
-1.433053612709045410e-01
-1.433811187744140625e-01
-1.434816420078277588e-01
-1.436355561017990112e-01
-1.438391059637069702e-01
-1.440410763025283813e-01
-1.442493349313735962e-01
-1.444923132658004761e-01
-1.447782814502716064e-01
-1.450844705104827881e-01
-1.453563570976257324e-01
-1.456087231636047363e-01
-1.459100544452667236e-01
-1.461995691061019897e-01
-1.464876085519790649e-01
-1.467284411191940308e-01
-1.469216495752334595e-01
-1.470751464366912842e-01
-1.472176164388656616e-01
-1.474393010139465332e-01
-1.477350294589996338e-01
-1.480399519205093384e-01
-1.482945829629898071e-01
-1.484437137842178345e-01
-1.485513597726821899e-01
-1.485958844423294067e-01
-1.486308127641677856e-01
-1.486610621213912964e-01
-1.487005352973937988e-01
-1.487688273191452026e-01
-1.488928794860839844e-01
-1.490976810455322266e-01
-1.493262350559234619e-01
-1.497824639081954956e-01
-1.503529399633407593e-01
-1.509126424789428711e-01
-1.515830159187316895e-01
-1.485834270715713501e-01
-1.520194560289382935e-01
-1.524327844381332397e-01
-1.533768177032470703e-01
-1.547773331403732300e-01
-1.561747193336486816e-01
-1.192333847284317017e-01
-1.576076149940490723e-01
-1.589313745498657227e-01
-1.609730124473571777e-01
-1.630544364452362061e-01
-1.598809063434600830e-01
-1.648434251546859741e-01
-1.662262976169586182e-01
-1.669882386922836304e-01
-1.677851378917694092e-01
-1.687265783548355103e-01
-1.699698716402053833e-01
-1.706377416849136353e-01
-1.712724566459655762e-01
-1.716181188821792603e-01
-1.720505803823471069e-01
-1.725618988275527954e-01
-1.729336827993392944e-01
-1.731075346469879150e-01
-1.733629703521728516e-01
-1.736194938421249390e-01
-1.742177158594131470e-01
-1.746736317873001099e-01
-1.750184893608093262e-01
-1.753550916910171509e-01
-1.757367998361587524e-01
-1.762096881866455078e-01
-1.767168045043945312e-01
-1.772391796112060547e-01
-1.775109022855758667e-01
-1.776532232761383057e-01
-1.777695268392562866e-01
-1.778806298971176147e-01
-1.780571788549423218e-01
-1.783166676759719849e-01
-1.786675602197647095e-01
-1.793037652969360352e-01
-1.800080239772796631e-01
-1.804184317588806152e-01
-1.809203624725341797e-01
-1.812680959701538086e-01
-1.814374029636383057e-01
-1.815710067749023438e-01
-1.816928088665008545e-01
-1.818335950374603271e-01
-1.819925904273986816e-01
-1.821167469024658203e-01
-1.822405904531478882e-01
-1.823342442512512207e-01
-1.824278086423873901e-01
-1.825070083141326904e-01
-1.825623065233230591e-01
-1.826306134462356567e-01
-1.827067732810974121e-01
-1.828224658966064453e-01
-1.829705238342285156e-01
-1.831528246402740479e-01
-1.834049522876739502e-01
-1.837607771158218384e-01
-1.840630918741226196e-01
-1.847666800022125244e-01
-1.851587295532226562e-01
-1.857677996158599854e-01
-1.860736757516860962e-01
-1.872533112764358521e-01
-1.878618597984313965e-01
-1.884553581476211548e-01
-1.889036744832992554e-01
-1.893714964389801025e-01
-1.897636204957962036e-01
-1.903001815080642700e-01
-1.906357854604721069e-01
-1.907697916030883789e-01
-1.912140399217605591e-01
-1.915201395750045776e-01
-1.917391866445541382e-01
-1.920144855976104736e-01
-1.924799233675003052e-01
-1.928181052207946777e-01
-1.931165009737014771e-01
-1.934560835361480713e-01
-1.939612179994583130e-01
-1.944919675588607788e-01
-1.942231506109237671e-01
-1.947089880704879761e-01
-1.951244175434112549e-01
-1.954624950885772705e-01
-1.957917958498001099e-01
-1.961079835891723633e-01
-1.962904185056686401e-01
-1.964335441589355469e-01
-1.966388374567031860e-01
-1.969308704137802124e-01
-1.973401159048080444e-01
-1.979099661111831665e-01
-1.985937505960464478e-01
-1.991780996322631836e-01
-1.997143328189849854e-01
-2.000865191221237183e-01
-2.002729326486587524e-01
-2.003666758537292480e-01
-2.004809230566024780e-01
-2.006370127201080322e-01
-2.008448839187622070e-01
-2.010372281074523926e-01
-2.013007104396820068e-01
-2.015969604253768921e-01
-2.017776072025299072e-01
-2.019782215356826782e-01
-2.021131366491317749e-01
-2.022732943296432495e-01
-2.024436593055725098e-01
-2.026568055152893066e-01
-2.029435336589813232e-01
-2.032545506954193115e-01
-2.034621834754943848e-01
-2.036231309175491333e-01
-2.037667930126190186e-01
-2.038788348436355591e-01
-2.039335668087005615e-01
-2.039637416601181030e-01
-2.039880454540252686e-01
-2.040193527936935425e-01
-2.040546238422393799e-01
-2.041276097297668457e-01
-2.042539417743682861e-01
-2.044416666030883789e-01
-2.047112435102462769e-01
-2.050215005874633789e-01
-2.053937762975692749e-01
-2.056849896907806396e-01
-2.059352546930313110e-01
-2.060721069574356079e-01
-2.062162905931472778e-01
-2.063324600458145142e-01
-2.064193487167358398e-01
-2.065476179122924805e-01
-2.066556662321090698e-01
-2.067872434854507446e-01
-2.069457173347473145e-01
-2.071011960506439209e-01
-2.073224931955337524e-01
-2.075076550245285034e-01
-2.077612727880477905e-01
-2.079251557588577271e-01
-2.080547362565994263e-01
-2.081116586923599243e-01
-2.081829756498336792e-01
-2.079937160015106201e-01
-2.082615792751312256e-01
-2.083369344472885132e-01
-2.085528373718261719e-01
-2.087734043598175049e-01
-2.090000212192535400e-01
-2.091453969478607178e-01
-2.093969136476516724e-01
-2.091394066810607910e-01
-2.094663828611373901e-01
-2.096661776304244995e-01
-2.099955230951309204e-01
-2.105102837085723877e-01
-2.107908874750137329e-01
-2.113095223903656006e-01
-2.115903645753860474e-01
-2.119085639715194702e-01
-2.124529778957366943e-01
-2.128378152847290039e-01
-2.132517993450164795e-01
-2.138509005308151245e-01
-2.145109176635742188e-01
-2.151295542716979980e-01
-2.143179923295974731e-01
-2.153473645448684692e-01
-2.159849405288696289e-01
-2.163641005754470825e-01
-2.170185744762420654e-01
-2.177141308784484863e-01
-2.177079766988754272e-01
-2.180857807397842407e-01
-2.183006703853607178e-01
-2.188462316989898682e-01
-2.193432301282882690e-01
-2.198460698127746582e-01
-2.205992043018341064e-01
-2.213873416185379028e-01
-2.222336530685424805e-01
-2.226524651050567627e-01
-2.231559157371520996e-01
-2.233787328004837036e-01
-2.243072092533111572e-01
-2.248421609401702881e-01
-2.252899408340454102e-01
-2.258179634809494019e-01
-2.263023853302001953e-01
-2.265943586826324463e-01
-2.267404943704605103e-01
-2.268928885459899902e-01
-2.269784808158874512e-01
-2.270854115486145020e-01
-2.271610945463180542e-01
-2.272818684577941895e-01
-2.274276763200759888e-01
-2.275418788194656372e-01
-2.276343405246734619e-01
-2.277400791645050049e-01
-2.278698980808258057e-01
-2.280063629150390625e-01
-2.281408458948135376e-01
-2.283995002508163452e-01
-2.287118881940841675e-01
-2.289933711290359497e-01
-2.291744649410247803e-01
-2.292760014533996582e-01
-2.293456643819808960e-01
-2.294400036334991455e-01
-2.295164018869400024e-01
-2.296477258205413818e-01
-2.297976613044738770e-01
-2.299411445856094360e-01
-2.300659120082855225e-01
-2.301933914422988892e-01
-2.303289175033569336e-01
-2.304537892341613770e-01
-2.305949032306671143e-01
-2.306748926639556885e-01
-2.307421267032623291e-01
-2.308051884174346924e-01
-2.308791875839233398e-01
-2.309750914573669434e-01
-2.310546338558197021e-01
-2.312428355216979980e-01
-2.314753234386444092e-01
-2.317407727241516113e-01
-2.319724261760711670e-01
-2.322737127542495728e-01
-2.325604707002639771e-01
-2.328529059886932373e-01
-2.330445200204849243e-01
-2.332965731620788574e-01
-2.334962189197540283e-01
-2.336837053298950195e-01
-2.337644100189208984e-01
-2.338192164897918701e-01
-2.338944375514984131e-01
-2.339686602354049683e-01
-2.340961396694183350e-01
-2.343232333660125732e-01
-2.346073985099792480e-01
-2.347316443920135498e-01
-2.349913418292999268e-01
-2.352432906627655029e-01
-2.356082051992416382e-01
-2.359819114208221436e-01
-2.362622618675231934e-01
-2.364888340234756470e-01
-2.367621511220932007e-01
-2.369344383478164673e-01
-2.370982170104980469e-01
-2.372645288705825806e-01
-2.374094724655151367e-01
-2.375946938991546631e-01
-2.377469092607498169e-01
-2.378725409507751465e-01
-2.378123402595520020e-01
-2.379938364028930664e-01
-2.381500005722045898e-01
-2.383640706539154053e-01
-2.386319339275360107e-01
-2.387939393520355225e-01
-2.390893846750259399e-01
-2.395753711462020874e-01
-2.401818335056304932e-01
-2.410198748111724854e-01
-2.416508346796035767e-01
-2.417014092206954956e-01
-2.420847266912460327e-01
-2.424474358558654785e-01
-2.426745593547821045e-01
-2.428744733333587646e-01
-2.429780066013336182e-01
-2.431505769491195679e-01
-2.433412373065948486e-01
-2.435217499732971191e-01
-2.437350898981094360e-01
-2.439918816089630127e-01
-2.442133575677871704e-01
-2.444268465042114258e-01
-2.446430027484893799e-01
-2.448808997869491577e-01
-2.450583577156066895e-01
-2.452530562877655029e-01
-2.455794215202331543e-01
-2.460936158895492554e-01
-2.463368028402328491e-01
-2.466716468334197998e-01
-2.468566000461578369e-01
-2.470868229866027832e-01
-2.473675161600112915e-01
-2.474772483110427856e-01
-2.477806061506271362e-01
-2.479463815689086914e-01
-2.480927407741546631e-01
-2.483093887567520142e-01
-2.484409660100936890e-01
-2.485238909721374512e-01
-2.486364394426345825e-01
-2.487080395221710205e-01
-2.487519681453704834e-01
-2.488056272268295288e-01
-2.488507926464080811e-01
-2.489067614078521729e-01
-2.489591985940933228e-01
-2.490334659814834595e-01
-2.491058111190795898e-01
-2.491629123687744141e-01
-2.492572963237762451e-01
-2.493719607591629028e-01
-2.495340257883071899e-01
-2.498248368501663208e-01
-2.493611723184585571e-01
-2.500559389591217041e-01
-2.503199577331542969e-01
-2.509209811687469482e-01
-2.512694001197814941e-01
-2.515068948268890381e-01
-2.517417073249816895e-01
-2.518605589866638184e-01
-2.519704103469848633e-01
-2.520472407341003418e-01
-2.521779835224151611e-01
-2.523492872714996338e-01
-2.527122497558593750e-01
-2.533300518989562988e-01
-2.542508244514465332e-01
-2.528640627861022949e-01
-2.551257312297821045e-01
-2.564282715320587158e-01
-2.574358880519866943e-01
-2.593200206756591797e-01
-2.602252066135406494e-01
-2.607103884220123291e-01
-2.611739337444305420e-01
-2.617845535278320312e-01
-2.625496983528137207e-01
-2.629781663417816162e-01
-2.634894251823425293e-01
-2.634833455085754395e-01
-2.639060914516448975e-01
-2.641835808753967285e-01
-2.643948495388031006e-01
-2.647147774696350098e-01
-2.650153636932373047e-01
-2.652950584888458252e-01
-2.655620574951171875e-01
-2.658663988113403320e-01
-2.660973370075225830e-01
-2.663207650184631348e-01
-2.665469944477081299e-01
-2.668609023094177246e-01
-2.671542167663574219e-01
-2.674992978572845459e-01
-2.677623331546783447e-01
-2.680445313453674316e-01
-2.685543894767761230e-01
-2.689442932605743408e-01
-2.693689465522766113e-01
-2.697686553001403809e-01
-2.702096402645111084e-01
-2.705372869968414307e-01
-2.707556188106536865e-01
-2.709234952926635742e-01
-2.710508406162261963e-01
-2.711713612079620361e-01
-2.712932825088500977e-01
-2.714277505874633789e-01
-2.715311944484710693e-01
-2.716329991817474365e-01
-2.717171013355255127e-01
-2.717839777469635010e-01
-2.718348801136016846e-01
-2.718850970268249512e-01
-2.719515264034271240e-01
-2.720186710357666016e-01
-2.720858454704284668e-01
-2.721806466579437256e-01
-2.722912132740020752e-01
-2.723920643329620361e-01
-2.724886834621429443e-01
-2.725460231304168701e-01
-2.726121246814727783e-01
-2.726289331912994385e-01
-2.726647257804870605e-01
-2.727089226245880127e-01
-2.727342247962951660e-01
-2.727787196636199951e-01
-2.728480398654937744e-01
-2.729128301143646240e-01
-2.729996442794799805e-01
-2.730690538883209229e-01
-2.731462121009826660e-01
-2.732895016670227051e-01
-2.734494805335998535e-01
-2.736098468303680420e-01
-2.737687528133392334e-01
-2.739404141902923584e-01
-2.741540968418121338e-01
-2.743467986583709717e-01
-2.744972705841064453e-01
-2.746169567108154297e-01
-2.747503817081451416e-01
-2.748905420303344727e-01
-2.750248312950134277e-01
-2.751867473125457764e-01
-2.753248214721679688e-01
-2.754241824150085449e-01
-2.754799127578735352e-01
-2.755052149295806885e-01
-2.755223810672760010e-01
-2.755389511585235596e-01
-2.755482196807861328e-01
-2.755776643753051758e-01
-2.755961716175079346e-01
-2.756201922893524170e-01
-2.756848931312561035e-01
-2.757731974124908447e-01
-2.758406102657318115e-01
-2.760118246078491211e-01
-2.762469649314880371e-01
-2.764517068862915039e-01
-2.766979336738586426e-01
-2.769994735717773438e-01
-2.772305011749267578e-01
-2.773980498313903809e-01
-2.775530219078063965e-01
-2.776564061641693115e-01
-2.777589559555053711e-01
-2.779031097888946533e-01
-2.779898941516876221e-01
-2.780841886997222900e-01
-2.781769633293151855e-01
-2.782569825649261475e-01
-2.783839702606201172e-01
-2.785703539848327637e-01
-2.787512242794036865e-01
-2.789883613586425781e-01
-2.791366875171661377e-01
-2.792699337005615234e-01
-2.790514528751373291e-01
-2.793332040309906006e-01
-2.793792188167572021e-01
-2.794271409511566162e-01
-2.794600427150726318e-01
-2.794705927371978760e-01
-2.794995903968811035e-01
-2.795209288597106934e-01
-2.795151174068450928e-01
-2.795441448688507080e-01
-2.795768082141876221e-01
-2.796410620212554932e-01
-2.797673940658569336e-01
-2.799094617366790771e-01
-2.800216972827911377e-01
-2.801034450531005859e-01
-2.801692187786102295e-01
-2.802064418792724609e-01
-2.802588343620300293e-01
-2.802870571613311768e-01
-2.803364694118499756e-01
-2.803784012794494629e-01
-2.804183959960937500e-01
-2.804648578166961670e-01
-2.805323898792266846e-01
-2.806195616722106934e-01
-2.806819677352905273e-01
-2.807442545890808105e-01
-2.807718813419342041e-01
-2.808467447757720947e-01
-2.809636890888214111e-01
-2.810685634613037109e-01
-2.811774015426635742e-01
-2.812716662883758545e-01
-2.813506424427032471e-01
-2.814464867115020752e-01
-2.815464138984680176e-01
-2.816935479640960693e-01
-2.817804217338562012e-01
-2.818548083305358887e-01
-2.819212973117828369e-01
-2.820044457912445068e-01
-2.821471393108367920e-01
-2.823053002357482910e-01
-2.824710011482238770e-01
-2.826217114925384521e-01
-2.827458083629608154e-01
-2.828550636768341064e-01
-2.830183804035186768e-01
-2.832778394222259521e-01
-2.834272682666778564e-01
-2.835758328437805176e-01
-2.837108671665191650e-01
-2.838487625122070312e-01
-2.839244902133941650e-01
-2.840112149715423584e-01
-2.840500473976135254e-01
-2.840948998928070068e-01
-2.841715514659881592e-01
-2.843027412891387939e-01
-2.844397425651550293e-01
-2.847185432910919189e-01
-2.851348519325256348e-01
-2.852820754051208496e-01
-2.857372462749481201e-01
-2.862637042999267578e-01
-2.869350016117095947e-01
-2.838642299175262451e-01
-2.874635756015777588e-01
-2.880547940731048584e-01
-2.884108424186706543e-01
-2.887173593044281006e-01
-2.889884412288665771e-01
-2.892973721027374268e-01
-2.894038259983062744e-01
-2.895250618457794189e-01
-2.895955145359039307e-01
-2.896565794944763184e-01
-2.897208333015441895e-01
-2.897657752037048340e-01
-2.898425757884979248e-01
-2.898942232131958008e-01
-2.899675965309143066e-01
-2.900127172470092773e-01
-2.900522649288177490e-01
-2.900874316692352295e-01
-2.901192903518676758e-01
-2.901619970798492432e-01
-2.902208268642425537e-01
-2.903004288673400879e-01
-2.904004454612731934e-01
-2.904693186283111572e-01
-2.905654907226562500e-01
-2.906448841094970703e-01
-2.907358407974243164e-01
-2.908078432083129883e-01
-2.908774316310882568e-01
-2.909690141677856445e-01
-2.910930216312408447e-01
-2.911995947360992432e-01
-2.913276851177215576e-01
-2.914275228977203369e-01
-2.916938662528991699e-01
-2.920060157775878906e-01
-2.921652793884277344e-01
-2.923497557640075684e-01
-2.925225198268890381e-01
-2.927426993846893311e-01
-2.929235100746154785e-01
-2.930470108985900879e-01
-2.931512892246246338e-01
-2.932110130786895752e-01
-2.932909131050109863e-01
-2.933885157108306885e-01
-2.935046553611755371e-01
-2.935861945152282715e-01
-2.936884462833404541e-01
-2.937608957290649414e-01
-2.938320636749267578e-01
-2.938884794712066650e-01
-2.939224243164062500e-01
-2.939272522926330566e-01
-2.939491569995880127e-01
-2.939695715904235840e-01
-2.939957976341247559e-01
-2.940410971641540527e-01
-2.940816581249237061e-01
-2.941144704818725586e-01
-2.941402494907379150e-01
-2.941961884498596191e-01
-2.942331135272979736e-01
-2.942783534526824951e-01
-2.943520247936248779e-01
-2.943811416625976562e-01
-2.944422662258148193e-01
-2.945132255554199219e-01
-2.945862412452697754e-01
-2.946634888648986816e-01
-2.947256863117218018e-01
-2.947924137115478516e-01
-2.948674559593200684e-01
-2.949285507202148438e-01
-2.949973642826080322e-01
-2.950423657894134521e-01
-2.950709462165832520e-01
-2.950924932956695557e-01
-2.951132357120513916e-01
-2.951374948024749756e-01
-2.951607406139373779e-01
-2.951915562152862549e-01
-2.952193915843963623e-01
-2.952611148357391357e-01
-2.953119575977325439e-01
-2.953653931617736816e-01
-2.954084873199462891e-01
-2.954824864864349365e-01
-2.955493927001953125e-01
-2.956266701221466064e-01
-2.956953346729278564e-01
-2.957823276519775391e-01
-2.959203720092773438e-01
-2.960854470729827881e-01
-2.962439954280853271e-01
-2.963509857654571533e-01
-2.964665889739990234e-01
-2.965918779373168945e-01
-2.966347634792327881e-01
-2.966720163822174072e-01
-2.967122793197631836e-01
-2.967827618122100830e-01
-2.968525290489196777e-01
-2.969028353691101074e-01
-2.969842255115509033e-01
-2.970979511737823486e-01
-2.972323596477508545e-01
-2.974458336830139160e-01
-2.975510060787200928e-01
-2.975877821445465088e-01
-2.976153790950775146e-01
-2.976368963718414307e-01
-2.976757287979125977e-01
-2.976950407028198242e-01
-2.977263033390045166e-01
-2.977383732795715332e-01
-2.977928817272186279e-01
-2.977527976036071777e-01
-2.977999150753021240e-01
-2.978875041007995605e-01
-2.979803979396820068e-01
-2.981081008911132812e-01
-2.982525229454040527e-01
-2.984166145324707031e-01
-2.984208762645721436e-01
-2.984980940818786621e-01
-2.986264228820800781e-01
-2.986282706260681152e-01
-2.986864149570465088e-01
-2.987438142299652100e-01
-2.988322973251342773e-01
-2.989393472671508789e-01
-2.990446388721466064e-01
-2.992373108863830566e-01
-2.995628118515014648e-01
-3.000962138175964355e-01
-2.969214022159576416e-01
-3.003188073635101318e-01
-3.008878529071807861e-01
-3.016873300075531006e-01
-3.023687601089477539e-01
-3.025220930576324463e-01
-3.028381168842315674e-01
-3.031770884990692139e-01
-3.034674525260925293e-01
-3.038878440856933594e-01
-3.042832314968109131e-01
-3.048289716243743896e-01
-3.051528036594390869e-01
-3.056398034095764160e-01
-3.058653175830841064e-01
-3.060505688190460205e-01
-3.062909543514251709e-01
-3.064091205596923828e-01
-3.065024614334106445e-01
-3.065703511238098145e-01
-3.065944612026214600e-01
-3.066292107105255127e-01
-3.066518008708953857e-01
-3.066857755184173584e-01
-3.066936433315277100e-01
-3.067266941070556641e-01
-3.067816197872161865e-01
-3.068330585956573486e-01
-3.068160414695739746e-01
-3.068669736385345459e-01
-3.069211840629577637e-01
-3.069905638694763184e-01
-3.070552051067352295e-01
-3.071658015251159668e-01
-3.072969913482666016e-01
-3.074420094490051270e-01
-3.076221942901611328e-01
-3.077589273452758789e-01
-3.079441487789154053e-01
-3.080562353134155273e-01
-3.081947267055511475e-01
-3.082999587059020996e-01
-3.084781467914581299e-01
-3.086281418800354004e-01
-3.087529838085174561e-01
-3.089216649532318115e-01
-3.090437352657318115e-01
-3.091578185558319092e-01
-3.092880845069885254e-01
-3.094820976257324219e-01
-3.098328113555908203e-01
-3.101772367954254150e-01
-3.082601428031921387e-01
-3.103910684585571289e-01
-3.105782270431518555e-01
-3.107876777648925781e-01
-3.108817934989929199e-01
-3.109491169452667236e-01
-3.110027015209197998e-01
-3.110332787036895752e-01
-3.110784590244293213e-01
-3.111203014850616455e-01
-3.111876249313354492e-01
-3.112592101097106934e-01
-3.113315403461456299e-01
-3.114132881164550781e-01
-3.111524879932403564e-01
-3.114901483058929443e-01
-3.115585148334503174e-01
-3.116655051708221436e-01
-3.117582499980926514e-01
-3.118242621421813965e-01
-3.118675947189331055e-01
-3.118942975997924805e-01
-3.119096159934997559e-01
-3.119265139102935791e-01
-3.119450509548187256e-01
-3.119577169418334961e-01
-3.119831979274749756e-01
-3.120118677616119385e-01
-3.120569586753845215e-01
-3.121173679828643799e-01
-3.121912777423858643e-01
-3.122725486755371094e-01
-3.124276101589202881e-01
-3.125893473625183105e-01
-3.127254247665405273e-01
-3.128703534603118896e-01
-3.129916191101074219e-01
-3.131113350391387939e-01
-3.132129609584808350e-01
-3.133186101913452148e-01
-3.134374618530273438e-01
-3.135710358619689941e-01
-3.138194084167480469e-01
-3.140718638896942139e-01
-3.145260214805603027e-01
-3.148492872714996338e-01
-3.152099251747131348e-01
-3.152858912944793701e-01
-3.155773282051086426e-01
-3.156591951847076416e-01
-3.157120048999786377e-01
-3.157770037651062012e-01
-3.157944381237030029e-01
-3.158124089241027832e-01
-3.158406019210815430e-01
-3.158671557903289795e-01
-3.159223496913909912e-01
-3.160331249237060547e-01
-3.161701560020446777e-01
-3.163649439811706543e-01
-3.161804080009460449e-01
-3.164271712303161621e-01
-3.165872395038604736e-01
-3.166358470916748047e-01
-3.168488442897796631e-01
-3.168848752975463867e-01
-3.169558048248291016e-01
-3.170132339000701904e-01
-3.170925676822662354e-01
-3.171694278717041016e-01
-3.172544538974761963e-01
-3.173548281192779541e-01
-3.173879384994506836e-01
-3.174864947795867920e-01
-3.175285756587982178e-01
-3.176089525222778320e-01
-3.176888227462768555e-01
-3.178129494190216064e-01
-3.179450631141662598e-01
-3.180758953094482422e-01
-3.182344436645507812e-01
-3.183655738830566406e-01
-3.184614181518554688e-01
-3.185761272907257080e-01
-3.186762928962707520e-01
-3.187656402587890625e-01
-3.188745379447937012e-01
-3.189726173877716064e-01
-3.191589713096618652e-01
-3.193534314632415771e-01
-3.194863200187683105e-01
-3.196813762187957764e-01
-3.197722434997558594e-01
-3.199802339076995850e-01
-3.201541006565093994e-01
-3.203652501106262207e-01
-3.205983340740203857e-01
-3.207900226116180420e-01
-3.209698796272277832e-01
-3.210893869400024414e-01
-3.211095333099365234e-01
-3.211752474308013916e-01
-3.213290870189666748e-01
-3.215149343013763428e-01
-3.217541873455047607e-01
-3.219023644924163818e-01
-3.219842910766601562e-01
-3.220388293266296387e-01
-3.220892846584320068e-01
-3.221593201160430908e-01
-3.222698569297790527e-01
-3.223880827426910400e-01
-3.225221931934356689e-01
-3.226398229598999023e-01
-3.227281570434570312e-01
-3.228424787521362305e-01
-3.229306638240814209e-01
-3.229843080043792725e-01
-3.230128586292266846e-01
-3.230493366718292236e-01
-3.230911493301391602e-01
-3.231287896633148193e-01
-3.231723606586456299e-01
-3.232384622097015381e-01
-3.233247399330139160e-01
-3.234186172485351562e-01
-3.235052525997161865e-01
-3.235875964164733887e-01
-3.236587643623352051e-01
-3.237127959728240967e-01
-3.237705528736114502e-01
-3.238028287887573242e-01
-3.238483965396881104e-01
-3.238791227340698242e-01
-3.239084184169769287e-01
-3.239433169364929199e-01
-3.239717483520507812e-01
-3.240323960781097412e-01
-3.241195082664489746e-01
-3.242534101009368896e-01
-3.244186937808990479e-01
-3.245405852794647217e-01
-3.246609866619110107e-01
-3.247489929199218750e-01
-3.248451650142669678e-01
-3.248885571956634521e-01
-3.249573707580566406e-01
-3.250336050987243652e-01
-3.251352012157440186e-01
-3.244631886482238770e-01
-3.251635134220123291e-01
-3.252680897712707520e-01
-3.253679573535919189e-01
-3.254490792751312256e-01
-3.254916667938232422e-01
-3.255143463611602783e-01
-3.255612850189208984e-01
-3.256031274795532227e-01
-3.256724774837493896e-01
-3.257572948932647705e-01
-3.258860409259796143e-01
-3.260853588581085205e-01
-3.261118233203887939e-01
-3.262370526790618896e-01
-3.264712095260620117e-01
-3.268120884895324707e-01
-3.275196254253387451e-01
-3.278810679912567139e-01
-3.283926546573638916e-01
-3.289124667644500732e-01
-3.296375274658203125e-01
-3.297176361083984375e-01
-3.299777805805206299e-01
-3.306282460689544678e-01
-3.309349417686462402e-01
-3.311417996883392334e-01
-3.314836621284484863e-01
-3.317537307739257812e-01
-3.319242298603057861e-01
-3.320417404174804688e-01
-3.321763873100280762e-01
-3.323099613189697266e-01
-3.324181139469146729e-01
-3.324635326862335205e-01
-3.326047062873840332e-01
-3.327194750308990479e-01
-3.328154087066650391e-01
-3.328815996646881104e-01
-3.329750299453735352e-01
-3.330743610858917236e-01
-3.332467675209045410e-01
-3.333513438701629639e-01
-3.334673047065734863e-01
-3.335940837860107422e-01
-3.336866497993469238e-01
-3.338172733783721924e-01
-3.339033424854278564e-01
-3.340113461017608643e-01
-3.341707885265350342e-01
-3.343201279640197754e-01
-3.345763981342315674e-01
-3.348747789859771729e-01
-3.351871669292449951e-01
-3.355687856674194336e-01
-3.359035253524780273e-01
-3.363514542579650879e-01
-3.367077410221099854e-01
-3.368389904499053955e-01
-3.369731903076171875e-01
-3.370986580848693848e-01
-3.371638357639312744e-01
-3.373076915740966797e-01
-3.374741971492767334e-01
-3.376162946224212646e-01
-3.378200829029083252e-01
-3.380446732044219971e-01
-3.383566439151763916e-01
-3.385793268680572510e-01
-3.388501405715942383e-01
-3.390470147132873535e-01
-3.392291963100433350e-01
-3.394121527671813965e-01
-3.395208120346069336e-01
-3.396548628807067871e-01
-3.398316800594329834e-01
-3.400528728961944580e-01
-3.402326405048370361e-01
-3.404196798801422119e-01
-3.405449390411376953e-01
-3.407010436058044434e-01
-3.408478498458862305e-01
-3.409753739833831787e-01
-3.410699069499969482e-01
-3.412027657032012939e-01
-3.412986695766448975e-01
-3.413832485675811768e-01
-3.414403498172760010e-01
-3.414890468120574951e-01
-3.415191173553466797e-01
-3.415573239326477051e-01
-3.415879011154174805e-01
-3.416171967983245850e-01
-3.416284918785095215e-01
-3.416443765163421631e-01
-3.416273295879364014e-01
-3.416483700275421143e-01
-3.416710197925567627e-01
-3.417007029056549072e-01
-3.417279124259948730e-01
-3.417795300483703613e-01
-3.418099582195281982e-01
-3.418639898300170898e-01
-3.419178724288940430e-01
-3.419802486896514893e-01
-3.420636057853698730e-01
-3.421619236469268799e-01
-3.422478139400482178e-01
-3.423433601856231689e-01
-3.424078524112701416e-01
-3.424564003944396973e-01
-3.425077497959136963e-01
-3.425397872924804688e-01
-3.425662517547607422e-01
-3.426100611686706543e-01
-3.426765799522399902e-01
-3.427887856960296631e-01
-3.429512679576873779e-01
-3.431580960750579834e-01
-3.434211015701293945e-01
-3.436796367168426514e-01
-3.439441621303558350e-01
-3.441559374332427979e-01
-3.443246185779571533e-01
-3.444944024085998535e-01
-3.446740210056304932e-01
-3.447947204113006592e-01
-3.449136614799499512e-01
-3.431913256645202637e-01
-3.450240492820739746e-01
-3.451058566570281982e-01
-3.452367782592773438e-01
-3.453279733657836914e-01
-3.454188406467437744e-01
-3.454847037792205811e-01
-3.455506265163421631e-01
-3.456268310546875000e-01
-3.457413613796234131e-01
-3.458629846572875977e-01
-3.460091650485992432e-01
-3.461528122425079346e-01
-3.463466167449951172e-01
-3.465671539306640625e-01
-3.468770682811737061e-01
-3.472451567649841309e-01
-3.474468290805816650e-01
-3.477556407451629639e-01
-3.480123579502105713e-01
-3.481554388999938965e-01
-3.482934236526489258e-01
-3.484078049659729004e-01
-3.485502600669860840e-01
-3.487647473812103271e-01
-3.490167856216430664e-01
-3.492220044136047363e-01
-3.494035899639129639e-01
-3.495109677314758301e-01
-3.496370911598205566e-01
-3.497688770294189453e-01
-3.498762547969818115e-01
-3.499694764614105225e-01
-3.500854372978210449e-01
-3.502183854579925537e-01
-3.504122197628021240e-01
-3.505774736404418945e-01
-3.507618904113769531e-01
-3.510405421257019043e-01
-3.512757122516632080e-01
-3.514840006828308105e-01
-3.517706990242004395e-01
-3.522170782089233398e-01
-3.526186048984527588e-01
-3.530783057212829590e-01
-3.533810079097747803e-01
-3.535943925380706787e-01
-3.537221848964691162e-01
-3.537725210189819336e-01
-3.538039624691009521e-01
-3.538275957107543945e-01
-3.538672029972076416e-01
-3.538974225521087646e-01
-3.539565205574035645e-01
-3.540107011795043945e-01
-3.540760874748229980e-01
-3.541441857814788818e-01
-3.542125225067138672e-01
-3.542391955852508545e-01
-3.543081283569335938e-01
-3.543570041656494141e-01
-3.544030487537384033e-01
-3.544659614562988281e-01
-3.545185029506683350e-01
-3.545829355716705322e-01
-3.546202182769775391e-01
-3.547135293483734131e-01
-3.548449575901031494e-01
-3.549960851669311523e-01
-3.551294207572937012e-01
-3.552757203578948975e-01
-3.553660809993743896e-01
-3.556008636951446533e-01
-3.557462096214294434e-01
-3.558504879474639893e-01
-3.554717898368835449e-01
-3.559322059154510498e-01
-3.560177385807037354e-01
-3.561331331729888916e-01
-3.563305735588073730e-01
-3.564567267894744873e-01
-3.565374314785003662e-01
-3.566043972969055176e-01
-3.566516935825347900e-01
-3.566990494728088379e-01
-3.567199707031250000e-01
-3.567568063735961914e-01
-3.567866086959838867e-01
-3.568227589130401611e-01
-3.568647205829620361e-01
-3.568955957889556885e-01
-3.569288849830627441e-01
-3.569570481777191162e-01
-3.569972217082977295e-01
-3.570348322391510010e-01
-3.570823967456817627e-01
-3.571559190750122070e-01
-3.572253584861755371e-01
-3.572856187820434570e-01
-3.573432862758636475e-01
-3.574008047580718994e-01
-3.574334383010864258e-01
-3.574566841125488281e-01
-3.574822843074798584e-01
-3.575020432472229004e-01
-3.575282096862792969e-01
-3.575507700443267822e-01
-3.575690090656280518e-01
-3.575894236564636230e-01
-3.576183915138244629e-01
-3.576371073722839355e-01
-3.576621413230895996e-01
-3.576843738555908203e-01
-3.576995730400085449e-01
-3.577347099781036377e-01
-3.577836155891418457e-01
-3.578469455242156982e-01
-3.579461276531219482e-01
-3.579875230789184570e-01
-3.580920994281768799e-01
-3.581601977348327637e-01
-3.582124114036560059e-01
-3.582650721073150635e-01
-3.582971990108489990e-01
-3.583225011825561523e-01
-3.583417832851409912e-01
-3.583841919898986816e-01
-3.584304749965667725e-01
-3.584833145141601562e-01
-3.585405051708221436e-01
-3.586340844631195068e-01
-3.587007522583007812e-01
-3.587845265865325928e-01
-3.588330149650573730e-01
-3.588842451572418213e-01
-3.589158058166503906e-01
-3.589739799499511719e-01
-3.590336740016937256e-01
-3.590886890888214111e-01
-3.591359257698059082e-01
-3.592053353786468506e-01
-3.592356443405151367e-01
-3.592973053455352783e-01
-3.593734502792358398e-01
-3.594262003898620605e-01
-3.595544397830963135e-01
-3.596490025520324707e-01
-3.597451150417327881e-01
-3.598159849643707275e-01
-3.598920404911041260e-01
-3.599618077278137207e-01
-3.600081503391265869e-01
-3.600766956806182861e-01
-3.601619899272918701e-01
-3.602314889430999756e-01
-3.603371381759643555e-01
-3.604192137718200684e-01
-3.604861497879028320e-01
-3.605278432369232178e-01
-3.605681061744689941e-01
-3.605927228927612305e-01
-3.606227636337280273e-01
-3.606428205966949463e-01
-3.606654703617095947e-01
-3.606864511966705322e-01
-3.607186079025268555e-01
-3.607478141784667969e-01
-3.607850968837738037e-01
-3.608080744743347168e-01
-3.607776761054992676e-01
-3.608226180076599121e-01
-3.608448803424835205e-01
-3.608822524547576904e-01
-3.609135150909423828e-01
-3.609429299831390381e-01
-3.609596192836761475e-01
-3.609755039215087891e-01
-3.609941005706787109e-01
-3.610138297080993652e-01
-3.610214889049530029e-01
-3.610299825668334961e-01
-3.610447347164154053e-01
-3.610645532608032227e-01
-3.610781431198120117e-01
-3.611024916172027588e-01
-3.611263036727905273e-01
-3.611482381820678711e-01
-3.611713945865631104e-01
-3.611842393875122070e-01
-3.612022995948791504e-01
-3.612262904644012451e-01
-3.612463176250457764e-01
-3.612672686576843262e-01
-3.613121509552001953e-01
-3.613714575767517090e-01
-3.614297807216644287e-01
-3.615150451660156250e-01
-3.615737557411193848e-01
-3.616929352283477783e-01
-3.617901802062988281e-01
-3.619328439235687256e-01
-3.619855642318725586e-01
-3.620380461215972900e-01
-3.621377944946289062e-01
-3.622054457664489746e-01
-3.622481524944305420e-01
-3.623312115669250488e-01
-3.624266088008880615e-01
-3.624798655509948730e-01
-3.625382184982299805e-01
-3.626096844673156738e-01
-3.626522719860076904e-01
-3.626893162727355957e-01
-3.627441823482513428e-01
-3.627848923206329346e-01
-3.628326654434204102e-01
-3.629198670387268066e-01
-3.629411458969116211e-01
-3.629876673221588135e-01
-3.630754649639129639e-01
-3.631801903247833252e-01
-3.632962107658386230e-01
-3.633072078227996826e-01
-3.634449541568756104e-01
-3.634633421897888184e-01
-3.635709881782531738e-01
-3.636273145675659180e-01
-3.636691570281982422e-01
-3.637072145938873291e-01
-3.637841343879699707e-01
-3.638620376586914062e-01
-3.639295697212219238e-01
-3.639796078205108643e-01
-3.640552461147308350e-01
-3.641128838062286377e-01
-3.641900420188903809e-01
-3.642489314079284668e-01
-3.643093109130859375e-01
-3.643877208232879639e-01
-3.644784688949584961e-01
-3.645804822444915771e-01
-3.646644353866577148e-01
-3.647395670413970947e-01
-3.648406267166137695e-01
-3.649646937847137451e-01
-3.650974929332733154e-01
-3.651787042617797852e-01
-3.652356266975402832e-01
-3.652727603912353516e-01
-3.653002679347991943e-01
-3.653586208820343018e-01
-3.654157817363739014e-01
-3.654645383358001709e-01
-3.655131161212921143e-01
-3.655764162540435791e-01
-3.656500279903411865e-01
-3.657334744930267334e-01
-3.657899498939514160e-01
-3.658713996410369873e-01
-3.659416139125823975e-01
-3.660547435283660889e-01
-3.662011623382568359e-01
-3.661702275276184082e-01
-3.662777245044708252e-01
-3.664134442806243896e-01
-3.664874732494354248e-01
-3.665446639060974121e-01
-3.665975332260131836e-01
-3.666633069515228271e-01
-3.667003512382507324e-01
-3.667311072349548340e-01
-3.667884767055511475e-01
-3.668312430381774902e-01
-3.668671250343322754e-01
-3.669125437736511230e-01
-3.669541776180267334e-01
-3.669863939285278320e-01
-3.670154213905334473e-01
-3.670381605625152588e-01
-3.670606613159179688e-01
-3.670652508735656738e-01
-3.671019673347473145e-01
-3.671257197856903076e-01
-3.671530187129974365e-01
-3.671847581863403320e-01
-3.672166466712951660e-01
-3.672468662261962891e-01
-3.672977089881896973e-01
-3.673664629459381104e-01
-3.674569129943847656e-01
-3.675371408462524414e-01
-3.676307797431945801e-01
-3.677273988723754883e-01
-3.678108751773834229e-01
-3.679424226284027100e-01
-3.680591583251953125e-01
-3.681901395320892334e-01
-3.683111667633056641e-01
-3.684646487236022949e-01
-3.685835599899291992e-01
-3.686565458774566650e-01
-3.687108755111694336e-01
-3.687567710876464844e-01
-3.687888681888580322e-01
-3.688343465328216553e-01
-3.688987195491790771e-01
-3.689785897731781006e-01
-3.690328299999237061e-01
-3.690873086452484131e-01
-3.691507875919342041e-01
-3.691964447498321533e-01
-3.692406415939331055e-01
-3.692875802516937256e-01
-3.693563044071197510e-01
-3.694339394569396973e-01
-3.694859147071838379e-01
-3.695435225963592529e-01
-3.695824444293975830e-01
-3.696267604827880859e-01
-3.696673810482025146e-01
-3.696978688240051270e-01
-3.697472214698791504e-01
-3.697827160358428955e-01
-3.698174059391021729e-01
-3.698509931564331055e-01
-3.698798120021820068e-01
-3.698959648609161377e-01
-3.699258863925933838e-01
-3.699569702148437500e-01
-3.700096309185028076e-01
-3.700672984123229980e-01
-3.701270222663879395e-01
-3.701844215393066406e-01
-3.702349364757537842e-01
-3.703160285949707031e-01
-3.703782558441162109e-01
-3.704299628734588623e-01
-3.705070614814758301e-01
-3.705730736255645752e-01
-3.706192672252655029e-01
-3.706566095352172852e-01
-3.706910908222198486e-01
-3.707298636436462402e-01
-3.707644641399383545e-01
-3.707941472530364990e-01
-3.708192110061645508e-01
-3.708624541759490967e-01
-3.709214031696319580e-01
-3.709803521633148193e-01
-3.710438609123229980e-01
-3.711166977882385254e-01
-3.712196052074432373e-01
-3.712933957576751709e-01
-3.713486194610595703e-01
-3.713970780372619629e-01
-3.714406192302703857e-01
-3.715033233165740967e-01
-3.715420365333557129e-01
-3.716220259666442871e-01
-3.717196881771087646e-01
-3.718271851539611816e-01
-3.719398081302642822e-01
-3.720546662807464600e-01
-3.721508681774139404e-01
-3.722690641880035400e-01
-3.724282979965209961e-01
-3.725542128086090088e-01
-3.726287782192230225e-01
-3.726891279220581055e-01
-3.727423548698425293e-01
-3.727575242519378662e-01
-3.727805614471435547e-01
-3.727951347827911377e-01
-3.728201091289520264e-01
-3.728373348712921143e-01
-3.728647232055664062e-01
-3.728756308555603027e-01
-3.728980123996734619e-01
-3.729143142700195312e-01
-3.729340434074401855e-01
-3.729710280895233154e-01
-3.729927241802215576e-01
-3.730262815952301025e-01
-3.730585575103759766e-01
-3.730787038803100586e-01
-3.730900585651397705e-01
-3.731042146682739258e-01
-3.731139898300170898e-01
-3.731350302696228027e-01
-3.731469511985778809e-01
-3.731696605682373047e-01
-3.731960654258728027e-01
-3.732233345508575439e-01
-3.732572495937347412e-01
-3.732954859733581543e-01
-3.733447790145874023e-01
-3.734016120433807373e-01
-3.734539449214935303e-01
-3.735215067863464355e-01
-3.735667169094085693e-01
-3.736256957054138184e-01
-3.736932873725891113e-01
-3.737469315528869629e-01
-3.738037049770355225e-01
-3.738670647144317627e-01
-3.739133775234222412e-01
-3.739454746246337891e-01
-3.739717900753021240e-01
-3.740042150020599365e-01
-3.740506172180175781e-01
-3.741191029548645020e-01
-3.741504848003387451e-01
-3.742051124572753906e-01
-3.742587566375732422e-01
-3.742940127849578857e-01
-3.743199110031127930e-01
-3.743400573730468750e-01
-3.743611574172973633e-01
-3.743939995765686035e-01
-3.744177222251892090e-01
-3.744426965713500977e-01
-3.744632005691528320e-01
-3.744888603687286377e-01
-3.745156228542327881e-01
-3.745388388633728027e-01
-3.745642304420471191e-01
-3.745847046375274658e-01
-3.746031820774078369e-01
-3.746204078197479248e-01
-3.746422529220581055e-01
-3.746889531612396240e-01
-3.747190833091735840e-01
-3.747451305389404297e-01
-3.747791945934295654e-01
-3.748230040073394775e-01
-3.748724162578582764e-01
-3.749282062053680420e-01
-3.749845325946807861e-01
-3.750202953815460205e-01
-3.750609755516052246e-01
-3.750734329223632812e-01
-3.750888705253601074e-01
-3.750959038734436035e-01
-3.751056194305419922e-01
-3.751082718372344971e-01
-3.750477731227874756e-01
-3.751148283481597900e-01
-3.751409351825714111e-01
-3.751681447029113770e-01
-3.751982450485229492e-01
-3.752341568470001221e-01
-3.752558827400207520e-01
-3.752753734588623047e-01
-3.753031790256500244e-01
-3.753281235694885254e-01
-3.753360509872436523e-01
-3.753404021263122559e-01
-3.753616213798522949e-01
-3.754059672355651855e-01
-3.754440248012542725e-01
-3.754981160163879395e-01
-3.755495846271514893e-01
-3.756039440631866455e-01
-3.756807744503021240e-01
-3.757347166538238525e-01
-3.757919371128082275e-01
-3.758358359336853027e-01
-3.758660256862640381e-01
-3.759057223796844482e-01
-3.759605884552001953e-01
-3.760218918323516846e-01
-3.760576248168945312e-01
-3.761006891727447510e-01
-3.761614859104156494e-01
-3.762092590332031250e-01
-3.762544095516204834e-01
-3.762929141521453857e-01
-3.763135671615600586e-01
-3.763398528099060059e-01
-3.763642311096191406e-01
-3.763807415962219238e-01
-3.763939440250396729e-01
-3.764225840568542480e-01
-3.764491081237792969e-01
-3.764706850051879883e-01
-3.765067458152770996e-01
-3.765585422515869141e-01
-3.766218125820159912e-01
-3.766871094703674316e-01
-3.767768442630767822e-01
-3.768886327743530273e-01
-3.769843578338623047e-01
-3.770732283592224121e-01
-3.771283924579620361e-01
-3.771674931049346924e-01
-3.772281706333160400e-01
-3.772735297679901123e-01
-3.773266971111297607e-01
-3.773685097694396973e-01
-3.774036765098571777e-01
-3.774348497390747070e-01
-3.774648010730743408e-01
-3.775137364864349365e-01
-3.775705397129058838e-01
-3.776102662086486816e-01
-3.777074813842773438e-01
-3.777805566787719727e-01
-3.778826296329498291e-01
-3.779902756214141846e-01
-3.780587315559387207e-01
-3.780728280544281006e-01
-3.781580328941345215e-01
-3.781998753547668457e-01
-3.782414495944976807e-01
-3.782845437526702881e-01
-3.783309459686279297e-01
-3.783825337886810303e-01
-3.784249722957611084e-01
-3.784818947315216064e-01
-3.785505890846252441e-01
-3.785993158817291260e-01
-3.786863088607788086e-01
-3.787612020969390869e-01
-3.787958025932312012e-01
-3.788448274135589600e-01
-3.788778483867645264e-01
-3.789307177066802979e-01
-3.789950013160705566e-01
-3.790527284145355225e-01
-3.791171908378601074e-01
-3.792174458503723145e-01
-3.793291449546813965e-01
-3.793905079364776611e-01
-3.794605135917663574e-01
-3.795521855354309082e-01
-3.796514272689819336e-01
-3.797696530818939209e-01
-3.798764944076538086e-01
-3.799938857555389404e-01
-3.801718354225158691e-01
-3.803253471851348877e-01
-3.804839551448822021e-01
-3.806560933589935303e-01
-3.808098137378692627e-01
-3.810395896434783936e-01
-3.812239766120910645e-01
-3.814044892787933350e-01
-3.814598321914672852e-01
-3.815155029296875000e-01
-3.816846609115600586e-01
-3.819095790386199951e-01
-3.822005391120910645e-01
-3.824655413627624512e-01
-3.826221823692321777e-01
-3.827000260353088379e-01
-3.827761113643646240e-01
-3.828300237655639648e-01
-3.828957080841064453e-01
-3.829702436923980713e-01
-3.830247521400451660e-01
-3.830756545066833496e-01
-3.831508457660675049e-01
-3.832310438156127930e-01
-3.833160400390625000e-01
-3.833754956722259521e-01
-3.834059834480285645e-01
-3.834471702575683594e-01
-3.834842145442962646e-01
-3.835408687591552734e-01
-3.835865259170532227e-01
-3.836277425289154053e-01
-3.836637139320373535e-01
-3.836905360221862793e-01
-3.837248980998992920e-01
-3.838017880916595459e-01
-3.839460909366607666e-01
-3.841307461261749268e-01
-3.843691349029541016e-01
-3.845772445201873779e-01
-3.848457634449005127e-01
-3.850409090518951416e-01
-3.844400048255920410e-01
-3.851513862609863281e-01
-3.851957917213439941e-01
-3.852467536926269531e-01
-3.852941691875457764e-01
-3.853303492069244385e-01
-3.853863775730133057e-01
-3.854694664478302002e-01
-3.855638802051544189e-01
-3.856846988201141357e-01
-3.858049809932708740e-01
-3.858855366706848145e-01
-3.859702646732330322e-01
-3.860442340373992920e-01
-3.860946893692016602e-01
-3.861476182937622070e-01
-3.862279653549194336e-01
-3.863358795642852783e-01
-3.864373266696929932e-01
-3.865500092506408691e-01
-3.866317868232727051e-01
-3.867267072200775146e-01
-3.868021965026855469e-01
-3.868506252765655518e-01
-3.869115114212036133e-01
-3.869954347610473633e-01
-3.870652318000793457e-01
-3.871411979198455811e-01
-3.872122466564178467e-01
-3.872651159763336182e-01
-3.873053789138793945e-01
-3.873448073863983154e-01
-3.873776793479919434e-01
-3.873997926712036133e-01
-3.874255120754241943e-01
-3.874431550502777100e-01
-3.874691128730773926e-01
-3.874872326850891113e-01
-3.875226378440856934e-01
-3.875648081302642822e-01
-3.876092731952667236e-01
-3.876748085021972656e-01
-3.877288401126861572e-01
-3.877916932106018066e-01
-3.878753781318664551e-01
-3.879686295986175537e-01
-3.880483508110046387e-01
-3.881035149097442627e-01
-3.881691694259643555e-01
-3.882326483726501465e-01
-3.882860839366912842e-01
-3.883199095726013184e-01
-3.883655965328216553e-01
-3.884247541427612305e-01
-3.884720504283905029e-01
-3.884931802749633789e-01
-3.885295689105987549e-01
-3.885519504547119141e-01
-3.885807394981384277e-01
-3.886157274246215820e-01
-3.886500298976898193e-01
-3.886761069297790527e-01
-3.887416422367095947e-01
-3.888010084629058838e-01
-3.888334631919860840e-01
-3.888780176639556885e-01
-3.889389932155609131e-01
-3.889911770820617676e-01
-3.890784084796905518e-01
-3.891638815402984619e-01
-3.892627060413360596e-01
-3.893854618072509766e-01
-3.895418941974639893e-01
-3.896370232105255127e-01
-3.897908031940460205e-01
-3.898869156837463379e-01
-3.900067210197448730e-01
-3.901032507419586182e-01
-3.901743292808532715e-01
-3.902286291122436523e-01
-3.902770280838012695e-01
-3.903479278087615967e-01
-3.903778493404388428e-01
-3.904333412647247314e-01
-3.905142247676849365e-01
-3.905858695507049561e-01
-3.906773328781127930e-01
-3.907733857631683350e-01
-3.908904492855072021e-01
-3.909933567047119141e-01
-3.910484313964843750e-01
-3.910961151123046875e-01
-3.911451399326324463e-01
-3.912254571914672852e-01
-3.913101255893707275e-01
-3.913786113262176514e-01
-3.914245367050170898e-01
-3.914486765861511230e-01
-3.914721012115478516e-01
-3.915023803710937500e-01
-3.915383815765380859e-01
-3.915727436542510986e-01
-3.916239142417907715e-01
-3.916855156421661377e-01
-3.917241692543029785e-01
-3.917938172817230225e-01
-3.918683230876922607e-01
-3.919134438037872314e-01
-3.919682204723358154e-01
-3.920039832592010498e-01
-3.920461833477020264e-01
-3.921007513999938965e-01
-3.921326398849487305e-01
-3.921835720539093018e-01
-3.922140896320343018e-01
-3.922797739505767822e-01
-3.923424780368804932e-01
-3.924040496349334717e-01
-3.924542367458343506e-01
-3.924807906150817871e-01
-3.924900293350219727e-01
-3.925068080425262451e-01
-3.925173878669738770e-01
-3.925205469131469727e-01
-3.925499618053436279e-01
-3.925637006759643555e-01
-3.925867974758148193e-01
-3.926264345645904541e-01
-3.914671838283538818e-01
-3.926396965980529785e-01
-3.926947116851806641e-01
-3.927435576915740967e-01
-3.927938342094421387e-01
-3.928287327289581299e-01
-3.928553164005279541e-01
-3.928744792938232422e-01
-3.928882181644439697e-01
-3.928988277912139893e-01
-3.929097354412078857e-01
-3.929093480110168457e-01
-3.929089903831481934e-01
-3.929082751274108887e-01
-3.929062783718109131e-01
-3.929093480110168457e-01
-3.929097354412078857e-01
