2.077365159988403320e+00
2.032282352447509766e+00
1.906945466995239258e+00
1.849487543106079102e+00
1.615580797195434570e+00
1.560036540031433105e+00
1.553689956665039062e+00
1.550479292869567871e+00
1.544913411140441895e+00
1.535694360733032227e+00
1.520377278327941895e+00
1.499302864074707031e+00
1.486710309982299805e+00
1.719248414039611816e+00
1.463967680931091309e+00
1.462659001350402832e+00
1.448004364967346191e+00
1.433981299400329590e+00
1.398639917373657227e+00
1.385335683822631836e+00
1.368582844734191895e+00
1.343976855278015137e+00
1.308589696884155273e+00
1.261823058128356934e+00
1.157729625701904297e+00
1.088299036026000977e+00
1.085555672645568848e+00
1.077307462692260742e+00
1.073202848434448242e+00
1.065908789634704590e+00
1.053948640823364258e+00
1.038313150405883789e+00
1.022927999496459961e+00
1.009513378143310547e+00
1.001997113227844238e+00
9.971102476119995117e-01
9.897629022598266602e-01
9.711566567420959473e-01
9.431127905845642090e-01
9.113710522651672363e-01
8.882970213890075684e-01
8.972716331481933594e-01
8.732618093490600586e-01
8.684646487236022949e-01
8.606669306755065918e-01
8.574556708335876465e-01
8.525307178497314453e-01
8.464468121528625488e-01
8.440380692481994629e-01
8.430542945861816406e-01
8.424748778343200684e-01
8.397793769836425781e-01
8.361206054687500000e-01
8.326368927955627441e-01
8.298944234848022461e-01
8.269572854042053223e-01
8.232150077819824219e-01
8.246941566467285156e-01
8.202976584434509277e-01
8.169555068016052246e-01
8.049346208572387695e-01
8.008774518966674805e-01
7.986828684806823730e-01
7.960491776466369629e-01
7.926979064941406250e-01
7.909001708030700684e-01
7.895480990409851074e-01
7.882107496261596680e-01
7.857981324195861816e-01
7.820804119110107422e-01
7.784043550491333008e-01
7.747338414192199707e-01
7.786512374877929688e-01
7.734533548355102539e-01
7.715288400650024414e-01
7.701742649078369141e-01
7.690440416336059570e-01
7.681312561035156250e-01
7.677739262580871582e-01
7.675926685333251953e-01
7.669781446456909180e-01
7.664356231689453125e-01
7.660489082336425781e-01
7.657460570335388184e-01
7.655888795852661133e-01
7.653939127922058105e-01
7.653088569641113281e-01
7.651568055152893066e-01
7.648491859436035156e-01
7.644381523132324219e-01
7.639710903167724609e-01
7.634733915328979492e-01
7.626142501831054688e-01
7.620681524276733398e-01
7.613756656646728516e-01
7.605564594268798828e-01
7.599083781242370605e-01
7.594884037971496582e-01
7.591007351875305176e-01
7.588615417480468750e-01
7.585703730583190918e-01
7.583466768264770508e-01
7.579284310340881348e-01
7.574065923690795898e-01
7.570171356201171875e-01
7.566850781440734863e-01
7.564314603805541992e-01
7.562284469604492188e-01
7.560911178588867188e-01
7.559284567832946777e-01
7.556711435317993164e-01
7.552403807640075684e-01
7.546418905258178711e-01
7.536849975585937500e-01
7.516453266143798828e-01
7.520857453346252441e-01
7.506135106086730957e-01
7.510837912559509277e-01
7.495707869529724121e-01
7.484083771705627441e-01
7.471402883529663086e-01
7.460754513740539551e-01
7.450001835823059082e-01
7.440593242645263672e-01
7.432939410209655762e-01
7.426214218139648438e-01
7.421229481697082520e-01
7.418807148933410645e-01
7.416634559631347656e-01
7.415543198585510254e-01
7.414802908897399902e-01
7.414160370826721191e-01
7.413417696952819824e-01
7.412390708923339844e-01
7.410683035850524902e-01
7.408456802368164062e-01
7.405785322189331055e-01
7.403393983840942383e-01
7.401034832000732422e-01
7.398797273635864258e-01
7.396369576454162598e-01
7.392890453338623047e-01
7.388599514961242676e-01
7.383295893669128418e-01
7.378692030906677246e-01
7.370907664299011230e-01
7.359732389450073242e-01
7.348371744155883789e-01
7.318050265312194824e-01
7.312604188919067383e-01
7.303704619407653809e-01
7.298159599304199219e-01
7.296724319458007812e-01
7.293680310249328613e-01
7.291336059570312500e-01
7.289000749588012695e-01
7.286328673362731934e-01
7.282261252403259277e-01
7.275794148445129395e-01
7.266185283660888672e-01
7.255653142929077148e-01
7.244738340377807617e-01
7.237434387207031250e-01
7.231782078742980957e-01
7.227800488471984863e-01
7.222666740417480469e-01
7.214096188545227051e-01
7.201195955276489258e-01
7.189805507659912109e-01
7.178717851638793945e-01
7.171782851219177246e-01
7.161748409271240234e-01
7.149171233177185059e-01
7.146182656288146973e-01
7.135280966758728027e-01
7.123796939849853516e-01
7.111523747444152832e-01
7.104973793029785156e-01
7.099833488464355469e-01
7.092121839523315430e-01
7.080757617950439453e-01
7.060968875885009766e-01
7.043488621711730957e-01
7.015065550804138184e-01
6.993268132209777832e-01
6.974769830703735352e-01
6.948633790016174316e-01
6.935957074165344238e-01
6.922448277473449707e-01
6.908385157585144043e-01
6.878985166549682617e-01
6.866669654846191406e-01
6.855973601341247559e-01
6.846087574958801270e-01
6.842027902603149414e-01
6.839356422424316406e-01
6.837855577468872070e-01
6.837334632873535156e-01
6.836419701576232910e-01
6.835128068923950195e-01
6.833291649818420410e-01
6.830475330352783203e-01
6.825723648071289062e-01
6.817221045494079590e-01
6.805069446563720703e-01
6.793188452720642090e-01
6.774582862854003906e-01
6.746242046356201172e-01
6.726953387260437012e-01
6.720244884490966797e-01
6.716765165328979492e-01
6.713970303535461426e-01
6.709577441215515137e-01
6.705199480056762695e-01
6.701374650001525879e-01
6.696236729621887207e-01
6.685504317283630371e-01
6.657482385635375977e-01
6.621550321578979492e-01
6.603052616119384766e-01
6.577026247978210449e-01
6.530848741531372070e-01
6.482750177383422852e-01
6.459182500839233398e-01
6.394338011741638184e-01
6.396552920341491699e-01
6.363930702209472656e-01
6.335733532905578613e-01
6.320177912712097168e-01
6.312695741653442383e-01
6.298741102218627930e-01
6.287174820899963379e-01
6.280009746551513672e-01
6.275016665458679199e-01
6.269630789756774902e-01
6.260039806365966797e-01
6.243795156478881836e-01
6.226209998130798340e-01
6.199535131454467773e-01
6.190204024314880371e-01
6.177990436553955078e-01
6.173658967018127441e-01
6.168779730796813965e-01
6.158646345138549805e-01
6.122061014175415039e-01
6.074680685997009277e-01
6.041557192802429199e-01
6.015279889106750488e-01
5.990841388702392578e-01
5.960127115249633789e-01
5.936302542686462402e-01
5.923929810523986816e-01
5.912979841232299805e-01
5.904533267021179199e-01
5.897706747055053711e-01
5.887627601623535156e-01
5.874153971672058105e-01
5.856192708015441895e-01
5.836326479911804199e-01
5.813053846359252930e-01
5.783883333206176758e-01
5.739224553108215332e-01
5.870437026023864746e-01
5.691437125205993652e-01
5.641813874244689941e-01
5.591041445732116699e-01
5.565275549888610840e-01
5.509428977966308594e-01
5.459232926368713379e-01
5.456650257110595703e-01
5.430649518966674805e-01
5.407441258430480957e-01
5.366505384445190430e-01
5.344137549400329590e-01
5.329155921936035156e-01
5.308743715286254883e-01
5.298902988433837891e-01
5.291630625724792480e-01
5.286882519721984863e-01
5.283674597740173340e-01
5.280720591545104980e-01
5.275824666023254395e-01
5.265626311302185059e-01
5.248640179634094238e-01
5.229496955871582031e-01
5.219033360481262207e-01
5.212291479110717773e-01
5.205298662185668945e-01
5.200839638710021973e-01
5.198147296905517578e-01
5.195264220237731934e-01
5.190836191177368164e-01
5.182979702949523926e-01
5.169766545295715332e-01
5.148033499717712402e-01
5.135890841484069824e-01
5.115396976470947266e-01
5.136951208114624023e-01
5.100105404853820801e-01
5.087431669235229492e-01
5.072785615921020508e-01
5.066295862197875977e-01
5.058847665786743164e-01
5.051176548004150391e-01
5.041922926902770996e-01
5.028059482574462891e-01
5.010244250297546387e-01
4.985919892787933350e-01
4.965485930442810059e-01
4.958113133907318115e-01
4.980612099170684814e-01
4.953570961952209473e-01
4.946845471858978271e-01
4.945273101329803467e-01
4.941425621509552002e-01
4.938584566116333008e-01
4.935827851295471191e-01
4.932525157928466797e-01
4.928323626518249512e-01
4.921603798866271973e-01
4.915118217468261719e-01
4.901575446128845215e-01
4.894900023937225342e-01
4.885344207286834717e-01
4.882467985153198242e-01
4.880497157573699951e-01
4.877978861331939697e-01
4.875667989253997803e-01
4.873787760734558105e-01
4.871659576892852783e-01
4.868981242179870605e-01
4.865426719188690186e-01
4.861540496349334717e-01
4.856759011745452881e-01
4.852495193481445312e-01
4.847479760646820068e-01
4.842814207077026367e-01
4.837984442710876465e-01
4.835223555564880371e-01
4.831670820713043213e-01
4.827543199062347412e-01
4.821555018424987793e-01
4.814341366291046143e-01
4.806119203567504883e-01
4.796198010444641113e-01
4.789813756942749023e-01
4.786968529224395752e-01
4.784521758556365967e-01
4.782404303550720215e-01
4.781367182731628418e-01
4.779377877712249756e-01
4.774604439735412598e-01
4.769021272659301758e-01
4.761990010738372803e-01
4.750024974346160889e-01
4.743834733963012695e-01
4.722345769405364990e-01
4.704357385635375977e-01
4.689820110797882080e-01
4.672673046588897705e-01
4.655710756778717041e-01
4.639388024806976318e-01
4.623926281929016113e-01
4.608715176582336426e-01
4.598433375358581543e-01
4.591318666934967041e-01
4.585376679897308350e-01
4.581713676452636719e-01
4.577721655368804932e-01
4.567124247550964355e-01
4.560093581676483154e-01
4.559928476810455322e-01
4.554554224014282227e-01
4.547524452209472656e-01
4.540173113346099854e-01
4.531208574771881104e-01
4.522303044795989990e-01
4.518759548664093018e-01
4.513425230979919434e-01
4.509841799736022949e-01
4.505421221256256104e-01
4.500897526741027832e-01
4.496497511863708496e-01
4.493233859539031982e-01
4.489570558071136475e-01
4.484386444091796875e-01
4.479617178440093994e-01
4.473631083965301514e-01
4.469308257102966309e-01
4.462872743606567383e-01
4.457501471042633057e-01
4.452538490295410156e-01
4.447584450244903564e-01
4.443482756614685059e-01
4.440371096134185791e-01
4.436036050319671631e-01
4.430050253868103027e-01
4.424312114715576172e-01
4.420495629310607910e-01
4.413359165191650391e-01
4.409045875072479248e-01
4.403645396232604980e-01
4.398796558380126953e-01
4.394669532775878906e-01
4.389953017234802246e-01
4.386954009532928467e-01
4.383165538311004639e-01
4.378952383995056152e-01
4.376339912414550781e-01
4.374547600746154785e-01
4.372606575489044189e-01
4.369080960750579834e-01
4.365077316761016846e-01
4.360937774181365967e-01
4.355065524578094482e-01
4.345424473285675049e-01
4.329101145267486572e-01
4.304894506931304932e-01
4.370906949043273926e-01
4.288123846054077148e-01
4.344054460525512695e-01
4.258402287960052490e-01
4.284720718860626221e-01
4.251338243484497070e-01
4.235329031944274902e-01
4.199648499488830566e-01
4.173425137996673584e-01
4.168024361133575439e-01
4.125001132488250732e-01
4.091348350048065186e-01
4.066891372203826904e-01
4.026557803153991699e-01
4.003251791000366211e-01
3.978036940097808838e-01
3.958143293857574463e-01
3.932310044765472412e-01
3.903923034667968750e-01
3.890571594238281250e-01
3.883660733699798584e-01
3.880047202110290527e-01
3.877919316291809082e-01
3.875749409198760986e-01
3.873981535434722900e-01
3.871896564960479736e-01
3.870387971401214600e-01
3.868954181671142578e-01
3.867076039314270020e-01
3.864395022392272949e-01
3.860735893249511719e-01
3.856559991836547852e-01
3.852283060550689697e-01
3.849499821662902832e-01
3.847579360008239746e-01
3.845519125461578369e-01
3.844327032566070557e-01
3.843600451946258545e-01
3.843016326427459717e-01
3.842481374740600586e-01
3.842083215713500977e-01
3.841720223426818848e-01
3.841297924518585205e-01
3.841039538383483887e-01
3.840821683406829834e-01
3.840444386005401611e-01
3.839687407016754150e-01
3.838239908218383789e-01
3.836305737495422363e-01
3.833872079849243164e-01
3.832333981990814209e-01
3.829486966133117676e-01
3.824313282966613770e-01
3.820429146289825439e-01
3.817886412143707275e-01
3.816541731357574463e-01
3.815468549728393555e-01
3.814040124416351318e-01
3.811999261379241943e-01
3.809595704078674316e-01
3.806841969490051270e-01
3.805657625198364258e-01
3.805082440376281738e-01
3.803848326206207275e-01
3.803504109382629395e-01
3.803063929080963135e-01
3.802489936351776123e-01
3.801823556423187256e-01
3.800556063652038574e-01
3.798711001873016357e-01
3.794484138488769531e-01
3.785814046859741211e-01
3.780367076396942139e-01
3.777695596218109131e-01
3.772649168968200684e-01
3.767582178115844727e-01
3.763547241687774658e-01
3.760498464107513428e-01
3.756921291351318359e-01
3.754721879959106445e-01
3.752283751964569092e-01
3.748345673084259033e-01
3.745173513889312744e-01
3.742802143096923828e-01
3.741076588630676270e-01
3.739804029464721680e-01
3.738436698913574219e-01
3.736450374126434326e-01
3.734222054481506348e-01
3.731704950332641602e-01
3.728910684585571289e-01
3.725547492504119873e-01
3.723416924476623535e-01
3.720337748527526855e-01
3.719086050987243652e-01
3.718447387218475342e-01
3.718205988407135010e-01
3.717888295650482178e-01
3.717591464519500732e-01
3.717350363731384277e-01
3.716892302036285400e-01
3.716372847557067871e-01
3.715258538722991943e-01
3.713845312595367432e-01
3.711501359939575195e-01
3.709010481834411621e-01
3.705573976039886475e-01
3.704636991024017334e-01
3.702504336833953857e-01
3.697547614574432373e-01
3.686702251434326172e-01
3.673029243946075439e-01
3.665984869003295898e-01
3.659347295761108398e-01
3.652797639369964600e-01
3.645791411399841309e-01
3.641028404235839844e-01
3.637910187244415283e-01
3.634121417999267578e-01
3.630117475986480713e-01
3.624103665351867676e-01
3.618197143077850342e-01
3.617416024208068848e-01
3.614901006221771240e-01
3.609419465065002441e-01
3.607303798198699951e-01
3.600284457206726074e-01
3.591243326663970947e-01
3.596865236759185791e-01
3.586260676383972168e-01
3.581226468086242676e-01
3.573045730590820312e-01
3.564041852951049805e-01
3.554241657257080078e-01
3.548137843608856201e-01
3.538430333137512207e-01
3.534191548824310303e-01
3.530716300010681152e-01
3.529359400272369385e-01
3.527776002883911133e-01
3.526950478553771973e-01
3.525810539722442627e-01
3.524375259876251221e-01
3.522472083568572998e-01
3.520725965499877930e-01
3.519628643989562988e-01
3.517768085002899170e-01
3.516638576984405518e-01
3.514147400856018066e-01
3.509705960750579834e-01
3.504276573657989502e-01
3.502046167850494385e-01
3.501368761062622070e-01
3.500325679779052734e-01
3.497382700443267822e-01
3.493178486824035645e-01
3.487595319747924805e-01
3.484068214893341064e-01
3.479604423046112061e-01
3.477705717086791992e-01
3.475697934627532959e-01
3.469064831733703613e-01
3.465899527072906494e-01
3.465117514133453369e-01
3.465327024459838867e-01
3.464386463165283203e-01
3.464131355285644531e-01
3.463979959487915039e-01
3.463764488697052002e-01
3.463474810123443604e-01
3.463163971900939941e-01
3.462551236152648926e-01
3.461906909942626953e-01
3.460024297237396240e-01
3.457775712013244629e-01
3.455990254878997803e-01
3.454236388206481934e-01
3.452078700065612793e-01
3.450632095336914062e-01
3.449291586875915527e-01
3.447079062461853027e-01
3.444779515266418457e-01
3.445134758949279785e-01
3.443575501441955566e-01
3.441837430000305176e-01
3.439522981643676758e-01
3.437657058238983154e-01
3.436125218868255615e-01
3.434976637363433838e-01
3.433494865894317627e-01
3.432174623012542725e-01
3.430365025997161865e-01
3.428370356559753418e-01
3.425977826118469238e-01
3.423135280609130859e-01
3.417520225048065186e-01
3.414055109024047852e-01
3.408291041851043701e-01
3.405190706253051758e-01
3.403323292732238770e-01
3.401749730110168457e-01
3.399970829486846924e-01
3.397477567195892334e-01
3.395189642906188965e-01
3.392400145530700684e-01
3.389374911785125732e-01
3.386225402355194092e-01
3.383480906486511230e-01
3.380876779556274414e-01
3.377175331115722656e-01
3.371152579784393311e-01
3.366715908050537109e-01
3.361956477165222168e-01
3.359549045562744141e-01
3.355472683906555176e-01
3.353697359561920166e-01
3.352994024753570557e-01
3.352168202400207520e-01
3.351125419139862061e-01
3.349789381027221680e-01
3.348203897476196289e-01
3.346771597862243652e-01
3.344995379447937012e-01
3.343545198440551758e-01
3.343145847320556641e-01
3.342523872852325439e-01
3.341608643531799316e-01
3.340864777565002441e-01
3.340096473693847656e-01
3.338219821453094482e-01
3.335351347923278809e-01
3.332506120204925537e-01
3.329280018806457520e-01
3.327436149120330811e-01
3.324606716632843018e-01
3.323862254619598389e-01
3.323178291320800781e-01
3.322503268718719482e-01
3.322332203388214111e-01
3.329014778137207031e-01
3.322239220142364502e-01
3.321549594402313232e-01
3.320669233798980713e-01
3.319657146930694580e-01
3.318496048450469971e-01
3.317148387432098389e-01
3.315699994564056396e-01
3.314073979854583740e-01
3.312954306602478027e-01
3.312126696109771729e-01
3.311406672000885010e-01
3.311028182506561279e-01
3.310715854167938232e-01
3.310351371765136719e-01
3.309482634067535400e-01
3.308704495429992676e-01
3.308180570602416992e-01
3.307425081729888916e-01
3.306277394294738770e-01
3.305035829544067383e-01
3.303853571414947510e-01
3.303528726100921631e-01
3.302899003028869629e-01
3.302300870418548584e-01
3.301757276058197021e-01
3.301386535167694092e-01
3.301158249378204346e-01
3.300597965717315674e-01
3.300667405128479004e-01
3.300832509994506836e-01
3.300622403621673584e-01
3.300827145576477051e-01
3.300597965717315674e-01
