1.086781263351440430e+00
9.934076666831970215e-01
8.932125568389892578e-01
6.984776854515075684e-01
4.007897675037384033e-01
3.134594261646270752e-01
2.424900680780410767e-01
2.094733417034149170e-01
2.076739817857742310e-01
2.058267891407012939e-01
2.019319385290145874e-01
1.935125291347503662e-01
2.181953936815261841e-01
1.866870820522308350e-01
1.819277107715606689e-01
1.758679300546646118e-01
1.728422492742538452e-01
1.708121895790100098e-01
1.693577170372009277e-01
1.682411730289459229e-01
1.671798676252365112e-01
1.663303077220916748e-01
1.655950397253036499e-01
1.648428291082382202e-01
1.639171242713928223e-01
1.625114530324935913e-01
1.601412892341613770e-01
1.577996611595153809e-01
1.561882644891738892e-01
1.544664353132247925e-01
1.511409729719161987e-01
1.457360833883285522e-01
1.376860439777374268e-01
1.341859251260757446e-01
1.299938261508941650e-01
1.273054033517837524e-01
1.261121630668640137e-01
1.239669770002365112e-01
1.222761422395706177e-01
1.197676360607147217e-01
1.160513460636138916e-01
1.110889092087745667e-01
1.030157431960105896e-01
9.104697406291961670e-02
8.102916181087493896e-02
7.547236233949661255e-02
7.209240645170211792e-02
6.947058439254760742e-02
5.990413948893547058e-02
9.336953610181808472e-02
5.455532297492027283e-02
5.086088925600051880e-02
4.747647792100906372e-02
4.591622948646545410e-02
4.518117010593414307e-02
4.466526210308074951e-02
4.405304417014122009e-02
4.295935481786727905e-02
4.098830744624137878e-02
3.878328576683998108e-02
3.827038034796714783e-02
3.773385286331176758e-02
3.749889135360717773e-02
3.733630478382110596e-02
3.722498193383216858e-02
3.712085261940956116e-02
3.697990253567695618e-02
3.675376251339912415e-02
3.639050200581550598e-02
3.586871176958084106e-02
3.551563248038291931e-02
3.539859503507614136e-02
3.533416613936424255e-02
3.524247556924819946e-02
3.509580343961715698e-02
3.485730662941932678e-02
3.464660048484802246e-02
3.445683047175407410e-02
3.432199731469154358e-02
3.419726714491844177e-02
3.411145880818367004e-02
3.401429206132888794e-02
3.388377279043197632e-02
3.371762111783027649e-02
3.344357013702392578e-02
3.290857747197151184e-02
3.203233331441879272e-02
3.148485720157623291e-02
3.055671043694019318e-02
2.984877116978168488e-02
2.920241467654705048e-02
2.871843054890632629e-02
2.831913903355598450e-02
2.797001414000988007e-02
2.787024714052677155e-02
2.761778980493545532e-02
2.738842181861400604e-02
2.716175280511379242e-02
2.697987481951713562e-02
2.673400752246379852e-02
2.640796639025211334e-02
2.591871097683906555e-02
2.556193992495536804e-02
2.539389394223690033e-02
2.516227215528488159e-02
2.492769248783588409e-02
2.465302497148513794e-02
2.424850501120090485e-02
2.387869730591773987e-02
2.335704863071441650e-02
2.285648509860038757e-02
2.240234985947608948e-02
2.189566195011138916e-02
2.171038463711738586e-02
2.142228931188583374e-02
2.111043035984039307e-02
2.087947353720664978e-02
2.073398977518081665e-02
2.061146497726440430e-02
2.048767171800136566e-02
2.030727453529834747e-02
2.008073590695858002e-02
1.973441988229751587e-02
1.929954066872596741e-02
1.877801306545734406e-02
1.833165250718593597e-02
1.805635541677474976e-02
1.777869649231433868e-02
1.769316382706165314e-02
1.763435825705528259e-02
1.754392310976982117e-02
1.723264902830123901e-02
1.702988892793655396e-02
1.684884727001190186e-02
1.660340279340744019e-02
1.628921180963516235e-02
1.607134193181991577e-02
1.588016748428344727e-02
1.578706875443458557e-02
1.568171754479408264e-02
1.553597953170537949e-02
1.534087117761373520e-02
1.508052274584770203e-02
1.473595108836889267e-02
1.416707038879394531e-02
1.416907459497451782e-02
1.383807137608528137e-02
1.331169717013835907e-02
1.294446270912885666e-02
1.261524017900228500e-02
1.160575915127992630e-02
1.132555864751338959e-02
1.105219218879938126e-02
1.093508396297693253e-02
1.088388916105031967e-02
1.076936163008213043e-02
1.061519607901573181e-02
1.039203442633152008e-02
1.003886479884386063e-02
9.439326822757720947e-03
8.451268076896667480e-03
7.408231962472200394e-03
6.758461706340312958e-03
6.254357285797595978e-03
5.862205754965543747e-03
5.536309443414211273e-03
5.266997031867504120e-03
5.148317664861679077e-03
4.973667208105325699e-03
4.644695669412612915e-03
4.108539782464504242e-03
3.145119175314903259e-03
2.036481630057096481e-03
1.702492125332355499e-03
1.309355604462325573e-03
8.869823068380355835e-04
7.291130605153739452e-04
5.189623334445059299e-04
2.701137273106724024e-04
-1.522620732430368662e-04
-4.295829567126929760e-04
-6.067506619729101658e-04
-7.478938205167651176e-04
-8.701478363946080208e-04
-1.025387900881469250e-03
-1.278031035326421261e-03
-1.690767356194555759e-03
-2.343451837077736855e-03
-3.768134396523237228e-03
-5.766078364104032516e-03
-8.702550083398818970e-03
-4.706133157014846802e-03
-9.932668879628181458e-03
-1.458805892616510391e-02
-8.783688768744468689e-03
-1.781512610614299774e-02
-1.808865927159786224e-02
-2.058172784745693207e-02
-2.156968973577022552e-02
-2.268395386636257172e-02
-2.343521080911159515e-02
-2.411338873207569122e-02
-2.507442981004714966e-02
-2.647159621119499207e-02
-2.788508310914039612e-02
-2.864929847419261932e-02
-2.969582751393318176e-02
-2.983369119465351105e-02
-3.069995902478694916e-02
-3.113402053713798523e-02
-3.180094063282012939e-02
-3.280537948012351990e-02
-3.452755883336067200e-02
-3.605527430772781372e-02
-3.659316524863243103e-02
-3.760232403874397278e-02
-3.819425776600837708e-02
-3.898236528038978577e-02
-3.996752575039863586e-02
-4.056462273001670837e-02
-4.091385006904602051e-02
-4.173521324992179871e-02
-4.227790981531143188e-02
-4.258160293102264404e-02
-4.281585291028022766e-02
-4.299183934926986694e-02
-4.313707724213600159e-02
-4.323806613683700562e-02
-4.337863624095916748e-02
-4.382404685020446777e-02
-4.449713230133056641e-02
-4.533789306879043579e-02
-4.630525037646293640e-02
-4.737507551908493042e-02
-4.844838380813598633e-02
-4.901611432433128357e-02
-4.949913918972015381e-02
-4.992505535483360291e-02
-5.035418272018432617e-02
-5.124190449714660645e-02
-5.228298157453536987e-02
-5.313960462808609009e-02
-5.380921810865402222e-02
-5.427819117903709412e-02
-5.447203293442726135e-02
-5.470579862594604492e-02
-5.490235611796379089e-02
-5.505933240056037903e-02
-5.520416423678398132e-02
-5.541997402906417847e-02
-5.558969825506210327e-02
-5.590146407485008240e-02
-5.622474104166030884e-02
-5.691869556903839111e-02
-5.794872716069221497e-02
-5.867128074169158936e-02
-5.923222005367279053e-02
-5.926794186234474182e-02
-5.959322676062583923e-02
-6.024554371833801270e-02
-6.080941110849380493e-02
-6.127083674073219299e-02
-6.192481145262718201e-02
-6.253361701965332031e-02
-6.317084282636642456e-02
-6.353978812694549561e-02
-6.429248303174972534e-02
-6.505406647920608521e-02
-6.562840193510055542e-02
-6.629154086112976074e-02
-6.715388596057891846e-02
-6.772278249263763428e-02
-6.795059144496917725e-02
-6.808056682348251343e-02
-6.816408038139343262e-02
-6.834613531827926636e-02
-6.857072561979293823e-02
-6.891076266765594482e-02
-6.922089308500289917e-02
-6.957927346229553223e-02
-6.979332119226455688e-02
-7.016479969024658203e-02
-7.070109993219375610e-02
-7.125626504421234131e-02
-7.190515100955963135e-02
-7.221898436546325684e-02
-7.263131439685821533e-02
-7.357481867074966431e-02
-7.456224411725997925e-02
-7.560693472623825073e-02
-7.632824033498764038e-02
-7.756420224905014038e-02
-7.863094657659530640e-02
-7.966511696577072144e-02
-8.061513304710388184e-02
-8.152654021978378296e-02
-8.208665996789932251e-02
-8.253861218690872192e-02
-8.319643884897232056e-02
-8.377403765916824341e-02
-8.502510935068130493e-02
-8.644770830869674683e-02
-8.834544569253921509e-02
-8.817010372877120972e-02
-8.916597813367843628e-02
-8.962889760732650757e-02
-8.997742831707000732e-02
-9.021537005901336670e-02
-9.041035175323486328e-02
-9.059486538171768188e-02
-9.088755398988723755e-02
-9.134174138307571411e-02
-9.185150265693664551e-02
-9.231642633676528931e-02
-9.288590401411056519e-02
-9.328602254390716553e-02
-9.367639571428298950e-02
-9.461440145969390869e-02
-9.608990699052810669e-02
-9.780846536159515381e-02
-1.001805216073989868e-01
-1.027399450540542603e-01
-9.460918605327606201e-02
-1.040199398994445801e-01
-1.056246832013130188e-01
-1.079071089625358582e-01
-1.095543876290321350e-01
-1.117703095078468323e-01
-1.125451475381851196e-01
-1.129090785980224609e-01
-1.132042780518531799e-01
-1.137264817953109741e-01
-1.140888109803199768e-01
-1.144347339868545532e-01
-1.149182170629501343e-01
-1.153637170791625977e-01
-1.158230230212211609e-01
-1.161550730466842651e-01
-1.165717095136642456e-01
-1.169359162449836731e-01
-1.174124255776405334e-01
-1.181482672691345215e-01
-1.192795112729072571e-01
-1.197547763586044312e-01
-1.200872212648391724e-01
-1.204575002193450928e-01
-1.207380518317222595e-01
-1.209758520126342773e-01
-1.211227327585220337e-01
-1.212356537580490112e-01
-1.213342919945716858e-01
-1.214536651968955994e-01
-1.215998902916908264e-01
-1.217547953128814697e-01
-1.219150349497795105e-01
-1.220851764082908630e-01
-1.222341507673263550e-01
-1.223600879311561584e-01
-1.224939525127410889e-01
-1.226579025387763977e-01
-1.228702738881111145e-01
-1.231150925159454346e-01
-1.233326718211174011e-01
-1.235883161425590515e-01
-1.237167790532112122e-01
-1.238313987851142883e-01
-1.239584237337112427e-01
-1.240560263395309448e-01
-1.241410076618194580e-01
-1.242190822958946228e-01
-1.242976486682891846e-01
-1.243702024221420288e-01
-1.245004162192344666e-01
-1.246091797947883606e-01
-1.247006505727767944e-01
-1.247384250164031982e-01
-1.247902810573577881e-01
-1.248715072870254517e-01
-1.250203400850296021e-01
-1.252207159996032715e-01
-1.255475133657455444e-01
-1.257938444614410400e-01
-1.261459439992904663e-01
-1.266371011734008789e-01
-1.273947954177856445e-01
-1.276878863573074341e-01
-1.281913965940475464e-01
-1.289627850055694580e-01
-1.294286847114562988e-01
-1.302323788404464722e-01
-1.306226402521133423e-01
-1.308683604001998901e-01
-1.310420930385589600e-01
-1.313056647777557373e-01
-1.316176354885101318e-01
-1.320452094078063965e-01
-1.324241459369659424e-01
-1.326952427625656128e-01
-1.330340504646301270e-01
-1.333075463771820068e-01
-1.335445791482925415e-01
-1.337795704603195190e-01
-1.339806169271469116e-01
-1.341727226972579956e-01
-1.343819051980972290e-01
-1.346611082553863525e-01
-1.350397616624832153e-01
-1.354770362377166748e-01
-1.359334588050842285e-01
-1.362498998641967773e-01
-1.368249803781509399e-01
-1.373352706432342529e-01
-1.378956884145736694e-01
-1.385271549224853516e-01
-1.387988477945327759e-01
-1.390185952186584473e-01
-1.392655819654464722e-01
-1.394350975751876831e-01
-1.395425647497177124e-01
-1.396612972021102905e-01
-1.397732496261596680e-01
-1.398865431547164917e-01
-1.399898678064346313e-01
-1.400650590658187866e-01
-1.401706039905548096e-01
-1.403300315141677856e-01
-1.405060440301895142e-01
-1.406944245100021362e-01
-1.407976597547531128e-01
-1.409206092357635498e-01
-1.409846693277359009e-01
-1.410493999719619751e-01
-1.411549299955368042e-01
-1.412693113088607788e-01
-1.413943320512771606e-01
-1.414439380168914795e-01
-1.414846032857894897e-01
-1.415391415357589722e-01
-1.416033655405044556e-01
-1.416796296834945679e-01
-1.418585777282714844e-01
-1.422155797481536865e-01
-1.430081278085708618e-01
-1.436463296413421631e-01
-1.441370993852615356e-01
-1.451277434825897217e-01
-1.462118178606033325e-01
-1.470990777015686035e-01
-1.477254629135131836e-01
-1.478770226240158081e-01
-1.484138816595077515e-01
-1.487264931201934814e-01
-1.489299833774566650e-01
-1.492770016193389893e-01
-1.494861394166946411e-01
-1.497140526771545410e-01
-1.499535441398620605e-01
-1.502113044261932373e-01
-1.504583060741424561e-01
-1.507949233055114746e-01
-1.511401683092117310e-01
-1.515893638134002686e-01
-1.520030796527862549e-01
-1.527640968561172485e-01
-1.534954160451889038e-01
-1.543424576520919800e-01
-1.544511914253234863e-01
-1.549484878778457642e-01
-1.557705700397491455e-01
-1.550927460193634033e-01
-1.563828736543655396e-01
-1.567766815423965454e-01
-1.570082604885101318e-01
-1.573753058910369873e-01
-1.575846225023269653e-01
-1.577370613813400269e-01
-1.580962985754013062e-01
-1.584893763065338135e-01
-1.590072959661483765e-01
-1.591241955757141113e-01
-1.592730283737182617e-01
-1.595326066017150879e-01
-1.596835553646087646e-01
-1.597958505153656006e-01
-1.599265038967132568e-01
-1.600826829671859741e-01
-1.602677851915359497e-01
-1.605096757411956787e-01
-1.608005017042160034e-01
-1.609118878841400146e-01
-1.609800904989242554e-01
-1.610888242721557617e-01
-1.613198369741439819e-01
-1.618037670850753784e-01
-1.623508185148239136e-01
-1.628767997026443481e-01
-1.631971448659896851e-01
-1.635975986719131470e-01
-1.647348105907440186e-01
-1.655898094177246094e-01
-1.659923940896987915e-01
-1.663376837968826294e-01
-1.668665409088134766e-01
-1.672879606485366821e-01
-1.676141321659088135e-01
-1.678894460201263428e-01
-1.681746989488601685e-01
-1.684847623109817505e-01
-1.688301563262939453e-01
-1.692890375852584839e-01
-1.696960628032684326e-01
-1.704358607530593872e-01
-1.715766638517379761e-01
-1.733679473400115967e-01
-1.751452386379241943e-01
-1.738414317369461060e-01
-1.759184598922729492e-01
-1.761143505573272705e-01
-1.767172664403915405e-01
-1.773434579372406006e-01
-1.783495694398880005e-01
-1.791535019874572754e-01
-1.800678521394729614e-01
-1.807171851396560669e-01
-1.813873350620269775e-01
-1.818449646234512329e-01
-1.829784214496612549e-01
-1.833852082490921021e-01
-1.836602091789245605e-01
-1.840587109327316284e-01
-1.844485104084014893e-01
-1.847644150257110596e-01
-1.849481314420700073e-01
-1.850453615188598633e-01
-1.851393133401870728e-01
-1.853547543287277222e-01
-1.856708228588104248e-01
-1.861045807600021362e-01
-1.866146773099899292e-01
-1.869852840900421143e-01
-1.871840804815292358e-01
-1.873864829540252686e-01
-1.877086013555526733e-01
-1.880974322557449341e-01
-1.886709779500961304e-01
-1.897496283054351807e-01
-1.908627450466156006e-01
-1.916795372962951660e-01
-1.923788487911224365e-01
-1.923617422580718994e-01
-1.926692724227905273e-01
-1.928371638059616089e-01
-1.929799616336822510e-01
-1.935176849365234375e-01
-1.939615458250045776e-01
-1.942455023527145386e-01
-1.944727748632431030e-01
-1.946503520011901855e-01
-1.948247998952865601e-01
-1.950087398290634155e-01
-1.952655762434005737e-01
-1.956936866044998169e-01
-1.964968293905258179e-01
-1.979004144668579102e-01
-2.005106210708618164e-01
-2.026181668043136597e-01
-2.030739933252334595e-01
-2.037711739540100098e-01
-2.043606489896774292e-01
-2.051287591457366943e-01
-2.060205191373825073e-01
-2.066437900066375732e-01
-2.075529545545578003e-01
-2.087032496929168701e-01
-2.099130898714065552e-01
-2.104532420635223389e-01
-2.113441824913024902e-01
-2.119131088256835938e-01
-2.123332619667053223e-01
-2.127648442983627319e-01
-2.132595032453536987e-01
-2.137834280729293823e-01
-2.143473774194717407e-01
-2.149795442819595337e-01
-2.155722975730895996e-01
-2.162126004695892334e-01
-2.170599251985549927e-01
-2.178256809711456299e-01
-2.189589738845825195e-01
-2.198316901922225952e-01
-2.202045470476150513e-01
-2.207561731338500977e-01
-2.211313396692276001e-01
-2.214428186416625977e-01
-2.216342389583587646e-01
-2.218696177005767822e-01
-2.221346944570541382e-01
-2.224102169275283813e-01
-2.226410955190658569e-01
-2.228541374206542969e-01
-2.230152934789657593e-01
-2.231751680374145508e-01
-2.233158349990844727e-01
-2.234477549791336060e-01
-2.236839085817337036e-01
-2.240983396768569946e-01
-2.246133387088775635e-01
-2.252474129199981689e-01
-2.261381894350051880e-01
-2.273412942886352539e-01
-2.282990366220474243e-01
-2.287621647119522095e-01
-2.296159118413925171e-01
-2.301200777292251587e-01
-2.303588390350341797e-01
-2.306321859359741211e-01
-2.311148792505264282e-01
-2.315540760755538940e-01
-2.319874018430709839e-01
-2.326499819755554199e-01
-2.333381175994873047e-01
-2.341973334550857544e-01
-2.348193377256393433e-01
-2.352720797061920166e-01
-2.356170713901519775e-01
-2.358902841806411743e-01
-2.360731959342956543e-01
-2.362012118101119995e-01
-2.362879514694213867e-01
-2.363223731517791748e-01
-2.364334613084793091e-01
-2.366505712270736694e-01
-2.369608879089355469e-01
-2.373486161231994629e-01
-2.377985119819641113e-01
-2.382173240184783936e-01
-2.385129779577255249e-01
-2.387108206748962402e-01
-2.388373166322708130e-01
-2.389082908630371094e-01
-2.389683425426483154e-01
-2.390690147876739502e-01
-2.392012327909469604e-01
-2.393690645694732666e-01
-2.396012246608734131e-01
-2.399622648954391479e-01
-2.404469847679138184e-01
-2.410450875759124756e-01
-2.416793256998062134e-01
-2.425537705421447754e-01
-2.435070574283599854e-01
-2.443725466728210449e-01
-2.449446022510528564e-01
-2.455465197563171387e-01
-2.461127787828445435e-01
-2.464781850576400757e-01
-2.466290742158889771e-01
-2.469346225261688232e-01
-2.472119778394699097e-01
-2.474709302186965942e-01
-2.477084249258041382e-01
-2.480041533708572388e-01
-2.483787238597869873e-01
-2.489058077335357666e-01
-2.494442760944366455e-01
-2.500739395618438721e-01
-2.505319118499755859e-01
-2.512940168380737305e-01
-2.516813576221466064e-01
-2.516988813877105713e-01
-2.520847320556640625e-01
-2.527064979076385498e-01
-2.529346644878387451e-01
-2.535263299942016602e-01
-2.543709278106689453e-01
-2.553640902042388916e-01
-2.560006380081176758e-01
-2.560813426971435547e-01
-2.567161023616790771e-01
-2.571573257446289062e-01
-2.575153708457946777e-01
-2.581792175769805908e-01
-2.584661543369293213e-01
-2.587165534496307373e-01
-2.588601410388946533e-01
-2.589400112628936768e-01
-2.590059638023376465e-01
-2.590825557708740234e-01
-2.591836750507354736e-01
-2.593381106853485107e-01
-2.595460414886474609e-01
-2.598632276058197021e-01
-2.602756619453430176e-01
-2.609203159809112549e-01
-2.614348232746124268e-01
-2.621896266937255859e-01
-2.628614902496337891e-01
-2.634551227092742920e-01
-2.637932896614074707e-01
-2.640122473239898682e-01
-2.642009258270263672e-01
-2.643801271915435791e-01
-2.646103501319885254e-01
-2.649293541908264160e-01
-2.652852535247802734e-01
-2.656281590461730957e-01
-2.660042047500610352e-01
-2.662173509597778320e-01
-2.663526535034179688e-01
-2.665701508522033691e-01
-2.668328285217285156e-01
-2.671051323413848877e-01
-2.672809958457946777e-01
-2.674339115619659424e-01
-2.675486505031585693e-01
-2.676318287849426270e-01
-2.677589356899261475e-01
-2.679621577262878418e-01
-2.682886719703674316e-01
-2.688203454017639160e-01
-2.694192528724670410e-01
-2.701514065265655518e-01
-2.710523307323455811e-01
-2.715651094913482666e-01
-2.719933986663818359e-01
-2.721617519855499268e-01
-2.722636461257934570e-01
-2.723243236541748047e-01
-2.724197804927825928e-01
-2.725146412849426270e-01
-2.726778686046600342e-01
-2.728586792945861816e-01
-2.729929387569427490e-01
-2.732106745243072510e-01
-2.735590934753417969e-01
-2.740683555603027344e-01
-2.746502459049224854e-01
-2.752803564071655273e-01
-2.759290933609008789e-01
-2.767598927021026611e-01
-2.771781980991363525e-01
-2.775584459304809570e-01
-2.780125737190246582e-01
-2.784017324447631836e-01
-2.787086367607116699e-01
-2.790355086326599121e-01
-2.793812155723571777e-01
-2.797480225563049316e-01
-2.800221145153045654e-01
-2.802062332630157471e-01
-2.804746329784393311e-01
-2.806695997714996338e-01
-2.808265984058380127e-01
-2.810432016849517822e-01
-2.812744975090026855e-01
-2.814885675907135010e-01
-2.817052006721496582e-01
-2.819651961326599121e-01
-2.823437750339508057e-01
-2.829044163227081299e-01
-2.837060093879699707e-01
-2.846396565437316895e-01
-2.860490381717681885e-01
-2.870936989784240723e-01
-2.881290614604949951e-01
-2.885932326316833496e-01
-2.889474034309387207e-01
-2.889246344566345215e-01
-2.891050279140472412e-01
-2.891578078269958496e-01
-2.893934845924377441e-01
-2.896184921264648438e-01
-2.899369597434997559e-01
-2.903047204017639160e-01
-2.906619608402252197e-01
-2.909792959690093994e-01
-2.913079261779785156e-01
-2.915888428688049316e-01
-2.918758094310760498e-01
-2.921913266181945801e-01
-2.924773395061492920e-01
-2.928593456745147705e-01
-2.934941947460174561e-01
-2.944915294647216797e-01
-2.951279878616333008e-01
-2.960951924324035645e-01
-2.974491417407989502e-01
-2.987085580825805664e-01
-3.011485338211059570e-01
-3.025397658348083496e-01
-3.036913871765136719e-01
-3.044092655181884766e-01
-3.049356043338775635e-01
-3.052726984024047852e-01
-3.055184781551361084e-01
-3.058177530765533447e-01
-3.061830699443817139e-01
-3.066802024841308594e-01
-3.072531819343566895e-01
-3.077902197837829590e-01
-3.082756400108337402e-01
-3.086738586425781250e-01
-3.090078830718994141e-01
-3.092972636222839355e-01
-3.096214234828948975e-01
-3.099833428859710693e-01
-3.102841377258300781e-01
-3.105680644512176514e-01
-3.107731044292449951e-01
-3.110521435737609863e-01
-3.112753629684448242e-01
-3.115783631801605225e-01
-3.118775784969329834e-01
-3.121882081031799316e-01
-3.125214278697967529e-01
-3.129954636096954346e-01
-3.134413957595825195e-01
-3.138370215892791748e-01
-3.142709434032440186e-01
-3.146306574344635010e-01
-3.149796128273010254e-01
-3.152630925178527832e-01
-3.155744373798370361e-01
-3.158496618270874023e-01
-3.160997331142425537e-01
-3.163069486618041992e-01
-3.164991438388824463e-01
-3.166715800762176514e-01
-3.168682157993316650e-01
-3.170955181121826172e-01
-3.173131346702575684e-01
-3.175565004348754883e-01
-3.177640736103057861e-01
-3.179739713668823242e-01
-3.182186782360076904e-01
-3.185716271400451660e-01
-3.189839720726013184e-01
-3.193889558315277100e-01
-3.196897506713867188e-01
-3.200741410255432129e-01
-3.204264640808105469e-01
-3.207601308822631836e-01
-3.210692107677459717e-01
-3.213779330253601074e-01
-3.216510713100433350e-01
-3.218814730644226074e-01
-3.220971226692199707e-01
-3.224303424358367920e-01
-3.226336240768432617e-01
-3.228914737701416016e-01
-3.230631053447723389e-01
-3.232397735118865967e-01
-3.233985602855682373e-01
-3.235352039337158203e-01
-3.236694633960723877e-01
-3.238474726676940918e-01
-3.241320848464965820e-01
-3.244788348674774170e-01
-3.249062001705169678e-01
-3.253982067108154297e-01
-3.259806632995605469e-01
-3.264716863632202148e-01
-3.270784914493560791e-01
-3.276061117649078369e-01
-3.282185196876525879e-01
-3.290435671806335449e-01
-3.299470245838165283e-01
-3.307061791419982910e-01
-3.311950266361236572e-01
-3.323647975921630859e-01
-3.331712186336517334e-01
-3.337517380714416504e-01
-3.344055414199829102e-01
-3.349775671958923340e-01
-3.357216119766235352e-01
-3.364546895027160645e-01
-3.374359905719757080e-01
-3.388120830059051514e-01
-3.401496112346649170e-01
-3.413707017898559570e-01
-3.424705266952514648e-01
-3.432694971561431885e-01
-3.438042998313903809e-01
-3.441727757453918457e-01
-3.449868857860565186e-01
-3.455951809883117676e-01
-3.460276424884796143e-01
-3.466087579727172852e-01
-3.471373915672302246e-01
-3.475205898284912109e-01
-3.478392660617828369e-01
-3.482039868831634521e-01
-3.486292958259582520e-01
-3.490299284458160400e-01
-3.495797216892242432e-01
-3.502734005451202393e-01
-3.507676720619201660e-01
-3.510113954544067383e-01
-3.512955904006958008e-01
-3.516391515731811523e-01
-3.521180152893066406e-01
-3.527393341064453125e-01
-3.536460101604461670e-01
-3.545814156532287598e-01
-3.560399413108825684e-01
-3.573468327522277832e-01
-3.590517938137054443e-01
-3.598523139953613281e-01
-3.605314791202545166e-01
-3.607554733753204346e-01
-3.610013425350189209e-01
-3.612637817859649658e-01
-3.616647720336914062e-01
-3.622401356697082520e-01
-3.626795709133148193e-01
-3.631780743598937988e-01
-3.637952804565429688e-01
-3.642927110195159912e-01
-3.650688230991363525e-01
-3.660900890827178955e-01
-3.667077124118804932e-01
-3.675219416618347168e-01
-3.679385185241699219e-01
-3.683602809906005859e-01
-3.689641058444976807e-01
-3.695370256900787354e-01
-3.703966736793518066e-01
-3.714157640933990479e-01
-3.731422424316406250e-01
-3.725907206535339355e-01
-3.742855191230773926e-01
-3.758746087551116943e-01
-3.766897320747375488e-01
-3.775883615016937256e-01
-3.780258893966674805e-01
-3.784824013710021973e-01
-3.795658946037292480e-01
-3.805612623691558838e-01
-3.826747238636016846e-01
-3.837097287178039551e-01
-3.842947483062744141e-01
-3.848060965538024902e-01
-3.850461840629577637e-01
-3.852157592773437500e-01
-3.853746652603149414e-01
-3.856238424777984619e-01
-3.858086764812469482e-01
-3.862349689006805420e-01
-3.866463899612426758e-01
-3.869972825050354004e-01
-3.874169290065765381e-01
-3.877503871917724609e-01
-3.882665336132049561e-01
-3.886615633964538574e-01
-3.890404999256134033e-01
-3.893181979656219482e-01
-3.896782696247100830e-01
-3.900060057640075684e-01
-3.902943730354309082e-01
-3.904989063739776611e-01
-3.907422125339508057e-01
-3.911141753196716309e-01
-3.915928304195404053e-01
-3.921077251434326172e-01
-3.928422927856445312e-01
-3.938186764717102051e-01
-3.949132561683654785e-01
-3.957773447036743164e-01
-3.964177966117858887e-01
-3.967604935169219971e-01
-3.971801698207855225e-01
-3.976505398750305176e-01
-3.980521261692047119e-01
-3.984017074108123779e-01
-3.987483084201812744e-01
-3.989604711532592773e-01
-3.991945981979370117e-01
-3.994353413581848145e-01
-3.997446894645690918e-01
-4.000366032123565674e-01
-4.003458023071289062e-01
-4.009901583194732666e-01
-4.015967547893524170e-01
-4.018851816654205322e-01
-4.021643996238708496e-01
-4.024922549724578857e-01
-4.029465317726135254e-01
-4.035477340221405029e-01
-4.041410088539123535e-01
-4.048219621181488037e-01
-4.053190350532531738e-01
-4.060399830341339111e-01
-4.071355462074279785e-01
-4.077175557613372803e-01
-4.086078405380249023e-01
-4.088903069496154785e-01
-4.090418815612792969e-01
-4.092915058135986328e-01
-4.096410870552062988e-01
-4.100574553012847900e-01
-4.104775488376617432e-01
-4.111028313636779785e-01
-4.117406606674194336e-01
-4.122022092342376709e-01
-4.125673770904541016e-01
-4.129953980445861816e-01
-4.135407507419586182e-01
-4.142003357410430908e-01
-4.150548279285430908e-01
-4.158392548561096191e-01
-4.166081845760345459e-01
-4.172146916389465332e-01
-4.176328182220458984e-01
-4.182479977607727051e-01
-4.187951982021331787e-01
-4.193052649497985840e-01
-4.198822677135467529e-01
-4.205018281936645508e-01
-4.214517772197723389e-01
-4.226736128330230713e-01
-4.236557185649871826e-01
-4.249989986419677734e-01
-4.261415600776672363e-01
-4.279241561889648438e-01
-4.296801686286926270e-01
-4.302802979946136475e-01
-4.306134283542633057e-01
-4.310831427574157715e-01
-4.318846166133880615e-01
-4.329804480075836182e-01
-4.337750375270843506e-01
-4.350432753562927246e-01
-4.359684586524963379e-01
-4.367871582508087158e-01
-4.382271468639373779e-01
-4.392000734806060791e-01
-4.398403465747833252e-01
-4.404650926589965820e-01
-4.410355985164642334e-01
-4.417149424552917480e-01
-4.422206580638885498e-01
-4.427760243415832520e-01
-4.434192180633544922e-01
-4.442324340343475342e-01
-4.450005590915679932e-01
-4.457913637161254883e-01
-4.466041624546051025e-01
-4.479085803031921387e-01
-4.491011202335357666e-01
-4.504662752151489258e-01
-4.513808190822601318e-01
-4.520196616649627686e-01
-4.524525403976440430e-01
-4.531871676445007324e-01
-4.539288878440856934e-01
-4.546230733394622803e-01
-4.550683796405792236e-01
-4.555629193782806396e-01
-4.563635885715484619e-01
-4.570942521095275879e-01
-4.582490026950836182e-01
-4.591343998908996582e-01
-4.606717228889465332e-01
-4.611615836620330811e-01
-4.617295861244201660e-01
-4.639754295349121094e-01
-4.651513099670410156e-01
-4.662349522113800049e-01
-4.671333730220794678e-01
-4.678114354610443115e-01
-4.689300358295440674e-01
-4.696708619594573975e-01
-4.703847169876098633e-01
-4.709880352020263672e-01
-4.715604484081268311e-01
-4.721156656742095947e-01
-4.726952910423278809e-01
-4.733216762542724609e-01
-4.737763404846191406e-01
-4.744194149971008301e-01
-4.748560488224029541e-01
-4.752212464809417725e-01
-4.754712283611297607e-01
-4.756638109683990479e-01
-4.757846593856811523e-01
-4.759175479412078857e-01
-4.760918319225311279e-01
-4.762783944606781006e-01
-4.764937162399291992e-01
-4.768595099449157715e-01
-4.772023558616638184e-01
-4.776007235050201416e-01
-4.780369102954864502e-01
-4.786391854286193848e-01
-4.795182645320892334e-01
-4.805362522602081299e-01
-4.817694723606109619e-01
-4.835919141769409180e-01
-4.869220554828643799e-01
-4.880904257297515869e-01
-4.896551370620727539e-01
-4.913538396358489990e-01
-4.916841685771942139e-01
-4.922086894512176514e-01
-4.933148026466369629e-01
-4.944174289703369141e-01
-4.957421123981475830e-01
-4.974629282951354980e-01
-4.994441270828247070e-01
-5.018215775489807129e-01
-5.029600262641906738e-01
-5.050206780433654785e-01
-5.061993002891540527e-01
-5.072025060653686523e-01
-5.077034235000610352e-01
-5.082117915153503418e-01
-5.087943077087402344e-01
-5.093224644660949707e-01
-5.091964602470397949e-01
-5.097518563270568848e-01
-5.102269053459167480e-01
-5.105699896812438965e-01
-5.107796192169189453e-01
-5.110688805580139160e-01
-5.113294720649719238e-01
-5.114698410034179688e-01
-5.116338729858398438e-01
-5.117840170860290527e-01
-5.119296312332153320e-01
-5.120625495910644531e-01
-5.121788382530212402e-01
-5.122811794281005859e-01
-5.123789906501770020e-01
-5.124751329421997070e-01
-5.125905275344848633e-01
-5.127393007278442383e-01
-5.129620432853698730e-01
-5.132909417152404785e-01
-5.136402249336242676e-01
-5.139998197555541992e-01
-5.143173933029174805e-01
-5.146254301071166992e-01
-5.148397684097290039e-01
-5.150308012962341309e-01
-5.152093768119812012e-01
-5.153926610946655273e-01
-5.156159400939941406e-01
-5.158655643463134766e-01
-5.161746144294738770e-01
-5.165241360664367676e-01
-5.170766711235046387e-01
-5.175802707672119141e-01
-5.181680321693420410e-01
-5.185067653656005859e-01
-5.189691781997680664e-01
-5.195599198341369629e-01
-5.200963020324707031e-01
-5.205231308937072754e-01
-5.208820700645446777e-01
-5.211706161499023438e-01
-5.214424729347229004e-01
-5.216966867446899414e-01
-5.220214128494262695e-01
-5.222868919372558594e-01
-5.225156545639038086e-01
-5.227900743484497070e-01
-5.231083035469055176e-01
-5.235694050788879395e-01
-5.240915417671203613e-01
-5.247969031333923340e-01
-5.254427194595336914e-01
-5.263378024101257324e-01
-5.268641114234924316e-01
-5.275205969810485840e-01
-5.280939936637878418e-01
-5.289965271949768066e-01
-5.296064019203186035e-01
-5.304750204086303711e-01
-5.315445661544799805e-01
-5.326893925666809082e-01
-5.331853032112121582e-01
-5.338796973228454590e-01
-5.349614620208740234e-01
-5.355055928230285645e-01
-5.361855626106262207e-01
-5.370051860809326172e-01
-5.377986431121826172e-01
-5.383873581886291504e-01
-5.391587018966674805e-01
-5.393897294998168945e-01
-5.399416089057922363e-01
-5.404123067855834961e-01
-5.407407283782958984e-01
-5.416178107261657715e-01
-5.424745082855224609e-01
-5.432451367378234863e-01
-5.442383289337158203e-01
-5.452358126640319824e-01
-5.462446808815002441e-01
-5.468440055847167969e-01
-5.473852157592773438e-01
-5.481823086738586426e-01
-5.495215654373168945e-01
-5.494697690010070801e-01
-5.504795908927917480e-01
-5.514540672302246094e-01
-5.526098608970642090e-01
-5.535196661949157715e-01
-5.544934272766113281e-01
-5.545009374618530273e-01
-5.548366308212280273e-01
-5.553845763206481934e-01
-5.559988617897033691e-01
-5.568274855613708496e-01
-5.569880604743957520e-01
-5.575353503227233887e-01
-5.584646463394165039e-01
-5.595816969871520996e-01
-5.611558556556701660e-01
-5.620396733283996582e-01
-5.551542043685913086e-01
-5.628435611724853516e-01
-5.631488561630249023e-01
-5.636129975318908691e-01
-5.640346407890319824e-01
-5.644383430480957031e-01
-5.653563141822814941e-01
-5.660711526870727539e-01
-5.672061443328857422e-01
-5.691617727279663086e-01
-5.713833570480346680e-01
-5.723403096199035645e-01
-5.721541643142700195e-01
-5.727702975273132324e-01
-5.727893114089965820e-01
-5.732380151748657227e-01
-5.739209055900573730e-01
-5.746561288833618164e-01
-5.755063295364379883e-01
-5.764415860176086426e-01
-5.771821737289428711e-01
-5.778355002403259277e-01
-5.786351561546325684e-01
-5.796966552734375000e-01
-5.808548331260681152e-01
-5.815812349319458008e-01
-5.819188952445983887e-01
-5.823076367378234863e-01
-5.825454592704772949e-01
-5.829091072082519531e-01
-5.830762386322021484e-01
-5.832625031471252441e-01
-5.834978818893432617e-01
-5.836948752403259277e-01
-5.839383602142333984e-01
-5.842323899269104004e-01
-5.844523310661315918e-01
-5.847007036209106445e-01
-5.850070714950561523e-01
-5.855010151863098145e-01
-5.859711766242980957e-01
-5.863604545593261719e-01
-5.866774320602416992e-01
-5.869454145431518555e-01
-5.872755646705627441e-01
-5.876690149307250977e-01
-5.880983471870422363e-01
-5.884224772453308105e-01
-5.887188315391540527e-01
-5.889672040939331055e-01
-5.892190337181091309e-01
-5.894373655319213867e-01
-5.896210074424743652e-01
-5.898856520652770996e-01
-5.901128053665161133e-01
-5.903542637825012207e-01
-5.906652212142944336e-01
-5.910277366638183594e-01
-5.912833809852600098e-01
-5.914749503135681152e-01
-5.915943980216979980e-01
-5.917318463325500488e-01
-5.918887853622436523e-01
-5.920604467391967773e-01
-5.922579765319824219e-01
-5.924577116966247559e-01
-5.926566123962402344e-01
-5.928167104721069336e-01
-5.929688811302185059e-01
-5.930671095848083496e-01
-5.932576656341552734e-01
-5.934496521949768066e-01
-5.936389565467834473e-01
-5.938447117805480957e-01
-5.941630601882934570e-01
-5.947073101997375488e-01
-5.953433513641357422e-01
-5.959528088569641113e-01
-5.967463254928588867e-01
-5.962545275688171387e-01
-5.972537994384765625e-01
-5.978509783744812012e-01
-5.986009240150451660e-01
-5.991002321243286133e-01
-5.994036197662353516e-01
-5.995905399322509766e-01
-5.998080372810363770e-01
-6.000332832336425781e-01
-6.002560853958129883e-01
-6.005719304084777832e-01
-6.010185480117797852e-01
-6.015107035636901855e-01
-6.019512414932250977e-01
-6.024267673492431641e-01
-6.030308604240417480e-01
-6.034919023513793945e-01
-6.040066480636596680e-01
-6.050351262092590332e-01
-6.055066585540771484e-01
-6.059072017669677734e-01
-6.071895360946655273e-01
-6.076309680938720703e-01
-6.090000271797180176e-01
-6.096279621124267578e-01
-6.100597977638244629e-01
-6.105097532272338867e-01
-6.108939647674560547e-01
-6.112773418426513672e-01
-6.115900278091430664e-01
-6.119365096092224121e-01
-6.125886440277099609e-01
-6.130170822143554688e-01
-6.132634282112121582e-01
-6.136341094970703125e-01
-6.138872504234313965e-01
-6.141011714935302734e-01
-6.143023371696472168e-01
-6.144931912422180176e-01
-6.146892905235290527e-01
-6.150398850440979004e-01
-6.154647469520568848e-01
-6.159755587577819824e-01
-6.164150238037109375e-01
-6.169199347496032715e-01
-6.173573732376098633e-01
-6.178262233734130859e-01
-6.181531548500061035e-01
-6.184349656105041504e-01
-6.186856627464294434e-01
-6.189489364624023438e-01
-6.192643046379089355e-01
-6.195811629295349121e-01
-6.199066638946533203e-01
-6.206275224685668945e-01
-6.215561032295227051e-01
-6.223090291023254395e-01
-6.230466961860656738e-01
-6.238606572151184082e-01
-6.245805621147155762e-01
-6.253156661987304688e-01
-6.260983943939208984e-01
-6.265766024589538574e-01
-6.272148489952087402e-01
-6.277054548263549805e-01
-6.280982494354248047e-01
-6.283963918685913086e-01
-6.287044286727905273e-01
-6.288676857948303223e-01
-6.289720535278320312e-01
-6.290411949157714844e-01
-6.291087269783020020e-01
-6.292144060134887695e-01
-6.293483972549438477e-01
-6.294902563095092773e-01
-6.296837925910949707e-01
-6.299424767494201660e-01
-6.303032040596008301e-01
-6.306767463684082031e-01
-6.311030983924865723e-01
-6.314935684204101562e-01
-6.319882273674011230e-01
-6.323760747909545898e-01
-6.327060461044311523e-01
-6.328833103179931641e-01
-6.330307722091674805e-01
-6.331943869590759277e-01
-6.333475112915039062e-01
-6.334884166717529297e-01
-6.336495280265808105e-01
-6.337718367576599121e-01
-6.339116096496582031e-01
-6.341227293014526367e-01
-6.343901753425598145e-01
-6.346604228019714355e-01
-6.349127292633056641e-01
-6.351575255393981934e-01
-6.353282928466796875e-01
-6.354883313179016113e-01
-6.356788873672485352e-01
-6.359664201736450195e-01
-6.363396048545837402e-01
-6.368333697319030762e-01
-6.375967264175415039e-01
-6.383759379386901855e-01
-6.391124725341796875e-01
-6.398724317550659180e-01
-6.405376791954040527e-01
-6.410670876502990723e-01
-6.419611573219299316e-01
-6.422188282012939453e-01
-6.427398324012756348e-01
-6.435486078262329102e-01
-6.442962884902954102e-01
-6.452926397323608398e-01
-6.462582945823669434e-01
-6.470636725425720215e-01
-6.475244760513305664e-01
-6.478816270828247070e-01
-6.482485532760620117e-01
-6.484143733978271484e-01
-6.486434936523437500e-01
-6.488819122314453125e-01
-6.491968035697937012e-01
-6.497356891632080078e-01
-6.502776145935058594e-01
-6.507931947708129883e-01
-6.513649225234985352e-01
-6.523109078407287598e-01
-6.532180309295654297e-01
-6.542180776596069336e-01
-6.557512283325195312e-01
-6.575171947479248047e-01
-6.591972708702087402e-01
-6.606659293174743652e-01
-6.614310741424560547e-01
-6.622291207313537598e-01
-6.632058024406433105e-01
-6.642506122589111328e-01
-6.652317643165588379e-01
-6.666694879531860352e-01
-6.678777933120727539e-01
-6.689736247062683105e-01
-6.699581742286682129e-01
-6.716880202293395996e-01
-6.731352210044860840e-01
-6.743245720863342285e-01
-6.750870347023010254e-01
-6.757640242576599121e-01
-6.761071681976318359e-01
-6.763343214988708496e-01
-6.765081286430358887e-01
-6.765893697738647461e-01
-6.767489314079284668e-01
-6.769341826438903809e-01
-6.771264672279357910e-01
-6.773415803909301758e-01
-6.775668263435363770e-01
-6.778005957603454590e-01
-6.781034469604492188e-01
-6.784022450447082520e-01
-6.788161396980285645e-01
-6.792778968811035156e-01
-6.798503398895263672e-01
-6.805460453033447266e-01
-6.814301013946533203e-01
-6.823738217353820801e-01
-6.835792660713195801e-01
-6.842193603515625000e-01
-6.850053071975708008e-01
-6.857654452323913574e-01
-6.863025426864624023e-01
-6.866274476051330566e-01
-6.869130134582519531e-01
-6.870473623275756836e-01
-6.872707605361938477e-01
-6.875646114349365234e-01
-6.879381537437438965e-01
-6.883883476257324219e-01
-6.889757513999938965e-01
-6.897993683815002441e-01
-6.907020807266235352e-01
-6.921909451484680176e-01
-6.938168406486511230e-01
-6.957192420959472656e-01
-6.965686678886413574e-01
-6.976066827774047852e-01
-6.987823247909545898e-01
-7.002127766609191895e-01
-7.014684081077575684e-01
-7.023630738258361816e-01
-7.029059529304504395e-01
-7.036728858947753906e-01
-7.041522264480590820e-01
-7.046126723289489746e-01
-7.049490213394165039e-01
-7.052416801452636719e-01
-7.056921720504760742e-01
-7.063361406326293945e-01
-7.068690061569213867e-01
-7.074488401412963867e-01
-7.080527544021606445e-01
-7.086642384529113770e-01
-7.091054320335388184e-01
-7.094212174415588379e-01
-7.098503708839416504e-01
-7.103769183158874512e-01
-7.107427716255187988e-01
-7.111139893531799316e-01
-7.115281224250793457e-01
-7.120416164398193359e-01
-7.124785184860229492e-01
-7.129406332969665527e-01
-7.132369875907897949e-01
-7.134943604469299316e-01
-7.136818170547485352e-01
-7.139326930046081543e-01
-7.142648100852966309e-01
-7.146610617637634277e-01
-7.151087522506713867e-01
-7.155231237411499023e-01
-7.161380648612976074e-01
-7.168220877647399902e-01
-7.174839973449707031e-01
-7.181171774864196777e-01
-7.184992432594299316e-01
-7.187851071357727051e-01
-7.190513610839843750e-01
-7.193647027015686035e-01
-7.201681733131408691e-01
-7.204198837280273438e-01
-7.209671139717102051e-01
-7.218994498252868652e-01
-7.227495312690734863e-01
-7.233212590217590332e-01
-7.239256501197814941e-01
-7.243185639381408691e-01
-7.247799038887023926e-01
-7.254283428192138672e-01
-7.259514331817626953e-01
-7.265447974205017090e-01
-7.272387742996215820e-01
-7.280620336532592773e-01
-7.285075783729553223e-01
-7.294886112213134766e-01
-7.300719618797302246e-01
-7.309058904647827148e-01
-7.318109869956970215e-01
-7.323852181434631348e-01
-7.328429818153381348e-01
-7.333521246910095215e-01
-7.339685559272766113e-01
-7.348276972770690918e-01
-7.354968190193176270e-01
-7.362157702445983887e-01
-7.377541065216064453e-01
-7.393874526023864746e-01
-7.403072714805603027e-01
-7.413791418075561523e-01
-7.423866391181945801e-01
-7.432570457458496094e-01
-7.439975738525390625e-01
-7.444917559623718262e-01
-7.448223829269409180e-01
-7.453447580337524414e-01
-7.460418343544006348e-01
-7.465046048164367676e-01
-7.470080256462097168e-01
-7.475479841232299805e-01
-7.480714321136474609e-01
-7.484973669052124023e-01
-7.487599849700927734e-01
-7.491140961647033691e-01
-7.495238780975341797e-01
-7.491137981414794922e-01
-7.500035166740417480e-01
-7.503619790077209473e-01
-7.510927915573120117e-01
-7.522197961807250977e-01
-7.532352209091186523e-01
-7.537400126457214355e-01
-7.544534802436828613e-01
-7.554028630256652832e-01
-7.561831474304199219e-01
-7.568618059158325195e-01
-7.567998766899108887e-01
-7.574363946914672852e-01
-7.579473257064819336e-01
-7.588893771171569824e-01
-7.603062987327575684e-01
-7.621601223945617676e-01
-7.629386782646179199e-01
-7.638857364654541016e-01
-7.648973464965820312e-01
-7.656283378601074219e-01
-7.662523984909057617e-01
-7.665853500366210938e-01
-7.668383121490478516e-01
-7.670462727546691895e-01
-7.673363089561462402e-01
-7.675845623016357422e-01
-7.678265571594238281e-01
-7.680847644805908203e-01
-7.684355378150939941e-01
-7.688449025154113770e-01
-7.693117260932922363e-01
-7.696206569671630859e-01
-7.698500752449035645e-01
-7.700284123420715332e-01
-7.702088356018066406e-01
-7.703909277915954590e-01
-7.705709338188171387e-01
-7.707619071006774902e-01
-7.710214257240295410e-01
-7.714344263076782227e-01
-7.719860076904296875e-01
-7.726045846939086914e-01
-7.732800841331481934e-01
-7.741141319274902344e-01
-7.751446962356567383e-01
-7.761967778205871582e-01
-7.775932550430297852e-01
-7.783044576644897461e-01
-7.793110609054565430e-01
-7.801950573921203613e-01
-7.807412743568420410e-01
-7.811384201049804688e-01
-7.815694808959960938e-01
-7.820736765861511230e-01
-7.825484871864318848e-01
-7.832012772560119629e-01
-7.841498851776123047e-01
-7.852931022644042969e-01
-7.862942814826965332e-01
-7.870083451271057129e-01
-7.877504229545593262e-01
-7.881423830986022949e-01
-7.886855006217956543e-01
-7.890374064445495605e-01
-7.895339727401733398e-01
-7.900302410125732422e-01
-7.904072403907775879e-01
-7.908729910850524902e-01
-7.912939786911010742e-01
-7.917315959930419922e-01
-7.920610308647155762e-01
-7.923420071601867676e-01
-7.925803065299987793e-01
-7.928411364555358887e-01
-7.930697798728942871e-01
-7.933097481727600098e-01
-7.936522960662841797e-01
-7.940386533737182617e-01
-7.944982647895812988e-01
-7.950363159179687500e-01
-7.955849766731262207e-01
-7.963090538978576660e-01
-7.968639731407165527e-01
-7.981734871864318848e-01
-7.994409203529357910e-01
-8.004658818244934082e-01
-8.013866543769836426e-01
-8.008391261100769043e-01
-8.018566370010375977e-01
-8.022356629371643066e-01
-8.027054667472839355e-01
-8.035202622413635254e-01
-8.041440248489379883e-01
-8.047163486480712891e-01
-8.054436445236206055e-01
-8.060306310653686523e-01
-8.066956996917724609e-01
-8.078022599220275879e-01
-8.090757131576538086e-01
-8.106344938278198242e-01
-8.099559545516967773e-01
-8.112033605575561523e-01
-8.117319345474243164e-01
-8.124672174453735352e-01
-8.129802346229553223e-01
-8.135399222373962402e-01
-8.140021562576293945e-01
-8.143981695175170898e-01
-8.151215910911560059e-01
-8.159520626068115234e-01
-8.173393011093139648e-01
-8.183729052543640137e-01
-8.192043900489807129e-01
-8.199465870857238770e-01
-8.208580613136291504e-01
-8.215218782424926758e-01
-8.221437931060791016e-01
-8.225015401840209961e-01
-8.228691220283508301e-01
-8.231620192527770996e-01
-8.233934640884399414e-01
-8.236356973648071289e-01
-8.238634467124938965e-01
-8.240333199501037598e-01
-8.242502212524414062e-01
-8.243616223335266113e-01
-8.244809508323669434e-01
-8.246074914932250977e-01
-8.247259855270385742e-01
-8.248354792594909668e-01
-8.249458074569702148e-01
-8.251105546951293945e-01
-8.253294229507446289e-01
-8.255919814109802246e-01
-8.258838653564453125e-01
-8.262252807617187500e-01
-8.265385627746582031e-01
-8.270292282104492188e-01
-8.273490071296691895e-01
-8.279693126678466797e-01
-8.289529085159301758e-01
-8.302004337310791016e-01
-8.310087919235229492e-01
-8.302019238471984863e-01
-8.313134312629699707e-01
-8.320747017860412598e-01
-8.323647379875183105e-01
-8.325003981590270996e-01
-8.327976465225219727e-01
-8.331072926521301270e-01
-8.333467245101928711e-01
-8.335406184196472168e-01
-8.337167501449584961e-01
-8.338767886161804199e-01
-8.340000510215759277e-01
-8.341131806373596191e-01
-8.342309594154357910e-01
-8.343215584754943848e-01
-8.344926238059997559e-01
-8.346349000930786133e-01
-8.348110318183898926e-01
-8.349226117134094238e-01
-8.350775241851806641e-01
-8.352252840995788574e-01
-8.353961706161499023e-01
-8.356338143348693848e-01
-8.359400033950805664e-01
-8.362380266189575195e-01
-8.365913629531860352e-01
-8.368110060691833496e-01
-8.369915485382080078e-01
-8.371866345405578613e-01
-8.373114466667175293e-01
-8.374859094619750977e-01
-8.377113938331604004e-01
-8.375910520553588867e-01
-8.377828001976013184e-01
-8.379724621772766113e-01
-8.381590843200683594e-01
-8.382662534713745117e-01
-8.383758664131164551e-01
-8.385274410247802734e-01
-8.386439085006713867e-01
-8.387445211410522461e-01
-8.388298749923706055e-01
-8.389061093330383301e-01
-8.389960527420043945e-01
-8.390825986862182617e-01
-8.391775488853454590e-01
-8.392689228057861328e-01
-8.393261432647705078e-01
-8.395059704780578613e-01
-8.396379351615905762e-01
-8.397457599639892578e-01
-8.398765325546264648e-01
-8.400275111198425293e-01
-8.402080535888671875e-01
-8.403017520904541016e-01
-8.404156565666198730e-01
-8.404781222343444824e-01
-8.405254483222961426e-01
-8.405677080154418945e-01
-8.406022191047668457e-01
-8.406390547752380371e-01
-8.406760692596435547e-01
-8.407097458839416504e-01
-8.407388329505920410e-01
-8.407674431800842285e-01
-8.408027887344360352e-01
-8.408407568931579590e-01
-8.408823013305664062e-01
-8.409163355827331543e-01
-8.409489393234252930e-01
-8.410053849220275879e-01
-8.410846590995788574e-01
-8.411792516708374023e-01
-8.412907719612121582e-01
-8.414049744606018066e-01
-8.415407538414001465e-01
-8.416616320610046387e-01
-8.418145179748535156e-01
-8.418965339660644531e-01
-8.420086503028869629e-01
-8.421235084533691406e-01
-8.422843217849731445e-01
-8.424470424652099609e-01
-8.426944017410278320e-01
-8.429052829742431641e-01
-8.432202339172363281e-01
-8.433761000633239746e-01
-8.434774875640869141e-01
-8.436837792396545410e-01
-8.439122438430786133e-01
-8.441332578659057617e-01
-8.442663550376892090e-01
-8.443615436553955078e-01
-8.445190191268920898e-01
-8.446459770202636719e-01
-8.446975350379943848e-01
-8.447441458702087402e-01
-8.448017835617065430e-01
-8.448820114135742188e-01
-8.449764847755432129e-01
-8.450613021850585938e-01
-8.452029228210449219e-01
-8.452997207641601562e-01
-8.454596996307373047e-01
-8.456594347953796387e-01
-8.459060788154602051e-01
-8.462044000625610352e-01
-8.466346263885498047e-01
-8.463867902755737305e-01
-8.468407988548278809e-01
-8.470773100852966309e-01
-8.481327891349792480e-01
-8.490682840347290039e-01
-8.494337797164916992e-01
-8.498091101646423340e-01
-8.501257300376892090e-01
-8.503440618515014648e-01
-8.506085276603698730e-01
-8.509007692337036133e-01
-8.511565327644348145e-01
-8.513678312301635742e-01
-8.516290187835693359e-01
-8.518737554550170898e-01
-8.521144390106201172e-01
-8.523704409599304199e-01
-8.526833653450012207e-01
-8.529086112976074219e-01
-8.530688881874084473e-01
-8.533017635345458984e-01
-8.534641265869140625e-01
-8.535691499710083008e-01
-8.536729812622070312e-01
-8.537587523460388184e-01
-8.538341522216796875e-01
-8.539083003997802734e-01
-8.539919853210449219e-01
-8.540884256362915039e-01
-8.542450666427612305e-01
-8.544403314590454102e-01
-8.546540141105651855e-01
-8.548195958137512207e-01
-8.550325036048889160e-01
-8.552148342132568359e-01
-8.554064631462097168e-01
-8.555719852447509766e-01
-8.557485342025756836e-01
-8.559343814849853516e-01
-8.563292622566223145e-01
-8.566682934761047363e-01
-8.569536209106445312e-01
-8.570764064788818359e-01
-8.571935296058654785e-01
-8.573095202445983887e-01
-8.574461340904235840e-01
-8.575319647789001465e-01
-8.576224446296691895e-01
-8.576977252960205078e-01
-8.577669262886047363e-01
-8.578317165374755859e-01
-8.578842282295227051e-01
-8.579535484313964844e-01
-8.580415844917297363e-01
-8.581515550613403320e-01
-8.582238554954528809e-01
-8.583315610885620117e-01
-8.584333658218383789e-01
-8.585692048072814941e-01
-8.587644100189208984e-01
-8.590209484100341797e-01
-8.591870069503784180e-01
-8.593996167182922363e-01
-8.596243858337402344e-01
-8.597595691680908203e-01
-8.599806427955627441e-01
-8.600736856460571289e-01
-8.601801395416259766e-01
-8.602719902992248535e-01
-8.603579998016357422e-01
-8.604322075843811035e-01
-8.605148792266845703e-01
-8.606209158897399902e-01
-8.607288002967834473e-01
-8.608285784721374512e-01
-8.609247207641601562e-01
-8.610319495201110840e-01
-8.611189126968383789e-01
-8.611249923706054688e-01
-8.611631989479064941e-01
-8.612434864044189453e-01
-8.613112568855285645e-01
-8.613834381103515625e-01
-8.614618182182312012e-01
-8.615536093711853027e-01
-8.616273403167724609e-01
-8.616987466812133789e-01
-8.617730140686035156e-01
-8.618797063827514648e-01
-8.620098829269409180e-01
-8.621353507041931152e-01
-8.622784614562988281e-01
-8.623516559600830078e-01
-8.624548912048339844e-01
-8.625963926315307617e-01
-8.627369403839111328e-01
-8.628017306327819824e-01
-8.628610372543334961e-01
-8.629131317138671875e-01
-8.629735708236694336e-01
-8.630307912826538086e-01
-8.630957007408142090e-01
-8.631712794303894043e-01
-8.632200360298156738e-01
-8.632667660713195801e-01
-8.633478283882141113e-01
-8.634147644042968750e-01
-8.634745478630065918e-01
-8.635002374649047852e-01
-8.635240197181701660e-01
-8.635503649711608887e-01
-8.635878562927246094e-01
-8.636321425437927246e-01
-8.636941313743591309e-01
-8.637631535530090332e-01
-8.638467788696289062e-01
-8.639746904373168945e-01
-8.640403151512145996e-01
-8.641276359558105469e-01
-8.641819357872009277e-01
-8.642244935035705566e-01
-8.642518520355224609e-01
-8.642718195915222168e-01
-8.642902970314025879e-01
-8.643058538436889648e-01
-8.643223047256469727e-01
-8.643530011177062988e-01
-8.643867969512939453e-01
-8.644264936447143555e-01
-8.644458055496215820e-01
-8.645027279853820801e-01
-8.645470142364501953e-01
-8.646184206008911133e-01
-8.646872639656066895e-01
-8.647499084472656250e-01
-8.648093938827514648e-01
-8.648615479469299316e-01
-8.649316430091857910e-01
-8.649857044219970703e-01
-8.650678992271423340e-01
-8.651532530784606934e-01
-8.652437329292297363e-01
-8.653513789176940918e-01
-8.651559948921203613e-01
-8.653978109359741211e-01
-8.655015826225280762e-01
-8.656096458435058594e-01
-8.656975030899047852e-01
-8.657712936401367188e-01
-8.658590912818908691e-01
-8.658736348152160645e-01
-8.659064173698425293e-01
-8.660195469856262207e-01
-8.661279082298278809e-01
-8.663614988327026367e-01
-8.665717244148254395e-01
-8.655217289924621582e-01
-8.666403293609619141e-01
-8.667829036712646484e-01
-8.669211268424987793e-01
-8.670589923858642578e-01
-8.672267794609069824e-01
-8.674100041389465332e-01
-8.677139878273010254e-01
-8.678783774375915527e-01
-8.682574033737182617e-01
-8.689414858818054199e-01
-8.694153428077697754e-01
-8.696578145027160645e-01
-8.699131011962890625e-01
-8.701410293579101562e-01
-8.702993988990783691e-01
-8.704864382743835449e-01
-8.707098364830017090e-01
-8.710165023803710938e-01
-8.713594079017639160e-01
-8.718804717063903809e-01
-8.722779154777526855e-01
-8.729223012924194336e-01
-8.734977245330810547e-01
-8.740799427032470703e-01
-8.745307922363281250e-01
-8.747732043266296387e-01
-8.750275969505310059e-01
-8.751615881919860840e-01
-8.754863142967224121e-01
-8.756496906280517578e-01
-8.757466673851013184e-01
-8.758341073989868164e-01
-8.759191632270812988e-01
-8.760134577751159668e-01
-8.761292695999145508e-01
-8.762683868408203125e-01
-8.764398097991943359e-01
-8.766510486602783203e-01
-8.769084811210632324e-01
-8.771288990974426270e-01
-8.773664832115173340e-01
-8.776031136512756348e-01
-8.778874874114990234e-01
-8.780158162117004395e-01
-8.781709671020507812e-01
-8.783951997756958008e-01
-8.785948753356933594e-01
-8.787422776222229004e-01
-8.788381814956665039e-01
-8.789023160934448242e-01
-8.789951801300048828e-01
-8.791011571884155273e-01
-8.791975378990173340e-01
-8.792885541915893555e-01
-8.793761134147644043e-01
-8.794603943824768066e-01
-8.795927166938781738e-01
-8.797570466995239258e-01
-8.799604177474975586e-01
-8.801631927490234375e-01
-8.803179264068603516e-01
-8.804469704627990723e-01
-8.806387186050415039e-01
-8.807500600814819336e-01
-8.808565735816955566e-01
-8.810439705848693848e-01
-8.812664747238159180e-01
-8.815265893936157227e-01
-8.817375302314758301e-01
-8.819670677185058594e-01
-8.822151422500610352e-01
-8.826424479484558105e-01
-8.829795122146606445e-01
-8.832799196243286133e-01
-8.835315704345703125e-01
-8.836430907249450684e-01
-8.838059902191162109e-01
-8.840503692626953125e-01
-8.843029737472534180e-01
-8.845428824424743652e-01
-8.848970532417297363e-01
-8.852449059486389160e-01
-8.853769302368164062e-01
-8.855010867118835449e-01
-8.857349157333374023e-01
-8.859686255455017090e-01
-8.862549066543579102e-01
-8.864881992340087891e-01
-8.866584300994873047e-01
-8.868078589439392090e-01
-8.869401812553405762e-01
-8.870159983634948730e-01
-8.871949911117553711e-01
-8.874275088310241699e-01
-8.875443339347839355e-01
-8.876566886901855469e-01
-8.877854943275451660e-01
-8.879572153091430664e-01
-8.881180882453918457e-01
-8.882957696914672852e-01
-8.884357810020446777e-01
-8.885727524757385254e-01
-8.886806964874267578e-01
-8.886759877204895020e-01
-8.888156414031982422e-01
-8.888831734657287598e-01
-8.890762925148010254e-01
-8.892720937728881836e-01
-8.893706202507019043e-01
-8.894557356834411621e-01
-8.895252346992492676e-01
-8.896125555038452148e-01
-8.897200226783752441e-01
-8.898091912269592285e-01
-8.898904323577880859e-01
-8.899747133255004883e-01
-8.900323510169982910e-01
-8.900869488716125488e-01
-8.901851177215576172e-01
-8.902829289436340332e-01
-8.903852105140686035e-01
-8.904800415039062500e-01
-8.905630707740783691e-01
-8.906640410423278809e-01
-8.907087445259094238e-01
-8.907468914985656738e-01
-8.909188508987426758e-01
-8.910428881645202637e-01
-8.911649584770202637e-01
-8.913088440895080566e-01
-8.913938999176025391e-01
-8.914450407028198242e-01
-8.915289640426635742e-01
-8.916403055191040039e-01
-8.917725682258605957e-01
-8.918907642364501953e-01
-8.919744491577148438e-01
-8.920250535011291504e-01
-8.920785784721374512e-01
-8.921017050743103027e-01
-8.921349048614501953e-01
-8.921727538108825684e-01
-8.922227025032043457e-01
-8.922789692878723145e-01
-8.923419117927551270e-01
-8.924175500869750977e-01
-8.925095796585083008e-01
-8.926088213920593262e-01
-8.927596807479858398e-01
-8.929089903831481934e-01
-8.931116461753845215e-01
-8.932968974113464355e-01
-8.934659361839294434e-01
-8.936727643013000488e-01
-8.938012719154357910e-01
-8.939075469970703125e-01
-8.940225243568420410e-01
-8.941172957420349121e-01
-8.941754102706909180e-01
-8.942783474922180176e-01
-8.943949937820434570e-01
-8.944792747497558594e-01
-8.945836424827575684e-01
-8.946973085403442383e-01
-8.948919773101806641e-01
-8.951407670974731445e-01
-8.953332901000976562e-01
-8.956633806228637695e-01
-8.959761261940002441e-01
-8.963083624839782715e-01
-8.954483270645141602e-01
-8.966603279113769531e-01
-8.968529701232910156e-01
-8.970159888267517090e-01
-8.971881270408630371e-01
-8.972933292388916016e-01
-8.973569869995117188e-01
-8.974172472953796387e-01
-8.974862694740295410e-01
-8.975574374198913574e-01
-8.976520895957946777e-01
-8.977328538894653320e-01
-8.979035615921020508e-01
-8.980947136878967285e-01
-8.982573747634887695e-01
-8.984111547470092773e-01
-8.985034823417663574e-01
-8.986012339591979980e-01
-8.986791372299194336e-01
-8.987425565719604492e-01
-8.987922668457031250e-01
-8.988330364227294922e-01
-8.989108800888061523e-01
-8.989913463592529297e-01
-8.991334438323974609e-01
-8.993396162986755371e-01
-8.995804190635681152e-01
-8.997517824172973633e-01
-8.999778628349304199e-01
-9.002412557601928711e-01
-9.004883170127868652e-01
-9.007665514945983887e-01
-9.009678363800048828e-01
-9.012350440025329590e-01
-9.014450311660766602e-01
-9.016887545585632324e-01
-9.019817113876342773e-01
-9.021869897842407227e-01
-9.022706151008605957e-01
-9.023959636688232422e-01
-9.024572372436523438e-01
-9.025378823280334473e-01
-9.026657342910766602e-01
-9.027839899063110352e-01
-9.029095768928527832e-01
-9.030292034149169922e-01
-9.031454920768737793e-01
-9.032415747642517090e-01
-9.033182263374328613e-01
-9.034289121627807617e-01
-9.035418629646301270e-01
-9.036583900451660156e-01
-9.037595987319946289e-01
-9.038302302360534668e-01
-9.038756489753723145e-01
-9.039150476455688477e-01
-9.039606451988220215e-01
-9.040186405181884766e-01
-9.040638804435729980e-01
-9.041296243667602539e-01
-9.041860103607177734e-01
-9.042318463325500488e-01
-9.042750597000122070e-01
-9.043061733245849609e-01
-9.043360948562622070e-01
-9.043641686439514160e-01
-9.043844938278198242e-01
-9.044063091278076172e-01
-9.044359922409057617e-01
-9.044779539108276367e-01
-9.045282006263732910e-01
-9.045894742012023926e-01
-9.046475887298583984e-01
-9.047062993049621582e-01
-9.047782421112060547e-01
-9.048247337341308594e-01
-9.048761129379272461e-01
-9.049138426780700684e-01
-9.049884080886840820e-01
-9.050145149230957031e-01
-9.050890207290649414e-01
-9.051578640937805176e-01
-9.052007794380187988e-01
-9.052370786666870117e-01
-9.052695035934448242e-01
-9.053152203559875488e-01
-9.053878784179687500e-01
-9.054728746414184570e-01
-9.055641889572143555e-01
-9.056225419044494629e-01
-9.056912660598754883e-01
-9.057781696319580078e-01
-9.058919548988342285e-01
-9.060053825378417969e-01
-9.061139822006225586e-01
-9.059265851974487305e-01
-9.061868786811828613e-01
-9.062819480895996094e-01
-9.064042568206787109e-01
-9.065138101577758789e-01
-9.065930247306823730e-01
-9.066505432128906250e-01
-9.066931605339050293e-01
-9.067495465278625488e-01
-9.067908525466918945e-01
-9.068407416343688965e-01
-9.068986773490905762e-01
-9.069938659667968750e-01
-9.071305990219116211e-01
-9.073176980018615723e-01
-9.074322581291198730e-01
-9.075219631195068359e-01
-9.076397418975830078e-01
-9.077044725418090820e-01
-9.077569246292114258e-01
-9.078248143196105957e-01
-9.078773260116577148e-01
-9.079199433326721191e-01
-9.079598784446716309e-01
-9.079865217208862305e-01
-9.080204963684082031e-01
-9.080729484558105469e-01
-9.081423282623291016e-01
-9.082471132278442383e-01
-9.083670377731323242e-01
-9.084945321083068848e-01
-9.086556434631347656e-01
-9.088358879089355469e-01
-9.089555740356445312e-01
-9.090546369552612305e-01
-9.091751575469970703e-01
-9.092921614646911621e-01
-9.094712734222412109e-01
-9.096512198448181152e-01
-9.097953438758850098e-01
-9.099183082580566406e-01
-9.099777936935424805e-01
-9.101173281669616699e-01
-9.102545976638793945e-01
-9.103797078132629395e-01
-9.106441736221313477e-01
-9.108229279518127441e-01
-9.108968973159790039e-01
-9.109585285186767578e-01
-9.110081791877746582e-01
-9.110547900199890137e-01
-9.111086130142211914e-01
-9.111697673797607422e-01
-9.112454652786254883e-01
-9.113362431526184082e-01
-9.114677309989929199e-01
-9.116021394729614258e-01
-9.117708206176757812e-01
-9.118962287902832031e-01
-9.120935797691345215e-01
-9.122877120971679688e-01
-9.125341773033142090e-01
-9.127178788185119629e-01
-9.129533767700195312e-01
-9.131326675415039062e-01
-9.133568406105041504e-01
-9.134751558303833008e-01
-9.135810732841491699e-01
-9.136783480644226074e-01
-9.137468338012695312e-01
-9.138202071189880371e-01
-9.138610363006591797e-01
-9.139537215232849121e-01
-9.140633940696716309e-01
-9.141913652420043945e-01
-9.143097996711730957e-01
-9.144225120544433594e-01
-9.145272374153137207e-01
-9.146500825881958008e-01
-9.147825241088867188e-01
-9.150155186653137207e-01
-9.152109026908874512e-01
-9.154222607612609863e-01
-9.155377149581909180e-01
-9.157036542892456055e-01
-9.158518910408020020e-01
-9.160519838333129883e-01
-9.162063002586364746e-01
-9.163597822189331055e-01
-9.165008664131164551e-01
-9.166744947433471680e-01
-9.168860316276550293e-01
-9.172756075859069824e-01
-9.174923896789550781e-01
-9.177992343902587891e-01
-9.181939363479614258e-01
-9.184904098510742188e-01
-9.187993407249450684e-01
-9.189580678939819336e-01
-9.190099239349365234e-01
-9.192148447036743164e-01
-9.188007116317749023e-01
-9.193832874298095703e-01
-9.194427728652954102e-01
-9.195949435234069824e-01
-9.199054837226867676e-01
-9.201851487159729004e-01
-9.203684926033020020e-01
-9.205229878425598145e-01
-9.206511378288269043e-01
-9.207637310028076172e-01
-9.208878278732299805e-01
-9.210700988769531250e-01
-9.212284088134765625e-01
-9.213609695434570312e-01
-9.214684963226318359e-01
-9.216350317001342773e-01
-9.217622876167297363e-01
-9.218674302101135254e-01
-9.219830632209777832e-01
-9.221525192260742188e-01
-9.223607778549194336e-01
-9.225842356681823730e-01
-9.226807951927185059e-01
-9.228866696357727051e-01
-9.230591654777526855e-01
-9.231885671615600586e-01
-9.233820438385009766e-01
-9.234989881515502930e-01
-9.235654473304748535e-01
-9.236302375793457031e-01
-9.237154722213745117e-01
-9.237719178199768066e-01
-9.238215088844299316e-01
-9.238723516464233398e-01
-9.239617586135864258e-01
-9.240587949752807617e-01
-9.241729378700256348e-01
-9.243453145027160645e-01
-9.245479106903076172e-01
-9.247453808784484863e-01
-9.249334335327148438e-01
-9.250786304473876953e-01
-9.251871705055236816e-01
-9.253037571907043457e-01
-9.254251122474670410e-01
-9.255512952804565430e-01
-9.256641864776611328e-01
-9.257385134696960449e-01
-9.257937669754028320e-01
-9.258471131324768066e-01
-9.258901476860046387e-01
-9.259341955184936523e-01
-9.259643554687500000e-01
-9.260063767433166504e-01
-9.260588884353637695e-01
-9.261078834533691406e-01
-9.261704087257385254e-01
-9.262251853942871094e-01
-9.262788295745849609e-01
-9.263377785682678223e-01
-9.263951778411865234e-01
-9.264278411865234375e-01
-9.264836907386779785e-01
-9.265259504318237305e-01
-9.265688657760620117e-01
-9.266048073768615723e-01
-9.266441464424133301e-01
-9.267061352729797363e-01
-9.267793297767639160e-01
-9.268385767936706543e-01
-9.269126057624816895e-01
-9.269807338714599609e-01
-9.270210266113281250e-01
-9.270609617233276367e-01
-9.270799160003662109e-01
-9.271137714385986328e-01
-9.271599054336547852e-01
-9.272132515907287598e-01
-9.272695183753967285e-01
-9.273309707641601562e-01
-9.273660778999328613e-01
-9.274060130119323730e-01
-9.274234175682067871e-01
-9.274500608444213867e-01
-9.274632930755615234e-01
-9.274901747703552246e-01
-9.275380373001098633e-01
-9.275988340377807617e-01
-9.276656508445739746e-01
-9.277365207672119141e-01
-9.278218746185302734e-01
-9.278907179832458496e-01
-9.279553294181823730e-01
-9.280204772949218750e-01
-9.280868172645568848e-01
-9.281483292579650879e-01
-9.275231361389160156e-01
-9.281581640243530273e-01
-9.282147884368896484e-01
-9.282611012458801270e-01
-9.283087253570556641e-01
-9.283469915390014648e-01
-9.283881187438964844e-01
-9.284170269966125488e-01
-9.284662008285522461e-01
-9.285216927528381348e-01
-9.285808801651000977e-01
-9.286308884620666504e-01
-9.286745786666870117e-01
-9.287307262420654297e-01
-9.288070201873779297e-01
-9.288814663887023926e-01
-9.289425611495971680e-01
-9.290174841880798340e-01
-9.290851354598999023e-01
-9.291515350341796875e-01
-9.291937351226806641e-01
-9.292413592338562012e-01
-9.292801618576049805e-01
-9.293076395988464355e-01
-9.293341636657714844e-01
-9.293631911277770996e-01
-9.293941855430603027e-01
-9.294235110282897949e-01
-9.294466376304626465e-01
-9.294655323028564453e-01
-9.294791817665100098e-01
-9.295014142990112305e-01
-9.295330643653869629e-01
-9.295769929885864258e-01
-9.296408295631408691e-01
-9.297323226928710938e-01
-9.298664927482604980e-01
-9.299196004867553711e-01
-9.300335049629211426e-01
-9.301048517227172852e-01
-9.301892518997192383e-01
-9.302638173103332520e-01
-9.303492307662963867e-01
-9.304007291793823242e-01
-9.305174946784973145e-01
-9.306124448776245117e-01
-9.307776689529418945e-01
-9.309614896774291992e-01
-9.311744570732116699e-01
-9.312628507614135742e-01
-9.315240383148193359e-01
-9.316681027412414551e-01
-9.318073391914367676e-01
-9.319356679916381836e-01
-9.320175051689147949e-01
-9.321056008338928223e-01
-9.321755766868591309e-01
-9.322539567947387695e-01
-9.323543310165405273e-01
-9.324312806129455566e-01
-9.324862957000732422e-01
-9.325432181358337402e-01
-9.325981140136718750e-01
-9.326425194740295410e-01
-9.326897859573364258e-01
-9.327252507209777832e-01
-9.328073263168334961e-01
-9.327412247657775879e-01
-9.328548312187194824e-01
-9.329479336738586426e-01
-9.330552220344543457e-01
-9.331627488136291504e-01
-9.332627058029174805e-01
-9.333629608154296875e-01
-9.334701299667358398e-01
-9.336180090904235840e-01
-9.338216781616210938e-01
-9.341317415237426758e-01
-9.343792796134948730e-01
-9.344523549079895020e-01
-9.345844984054565430e-01
-9.348570704460144043e-01
-9.352374672889709473e-01
-9.355235099792480469e-01
-9.357330203056335449e-01
-9.359514117240905762e-01
-9.361261725425720215e-01
-9.362710714340209961e-01
-9.364286065101623535e-01
-9.366855621337890625e-01
-9.369662404060363770e-01
-9.371751546859741211e-01
-9.373652338981628418e-01
-9.375600814819335938e-01
-9.377443790435791016e-01
-9.379159808158874512e-01
-9.381794333457946777e-01
-9.383994936943054199e-01
-9.385617971420288086e-01
-9.386827945709228516e-01
-9.388629198074340820e-01
-9.389729499816894531e-01
-9.391261339187622070e-01
-9.392735958099365234e-01
-9.393661022186279297e-01
-9.394625425338745117e-01
-9.395648837089538574e-01
-9.396618008613586426e-01
-9.396864175796508789e-01
-9.397128820419311523e-01
-9.398028850555419922e-01
-9.399581551551818848e-01
-9.401149749755859375e-01
-9.402731060981750488e-01
-9.404101967811584473e-01
-9.406198859214782715e-01
-9.408481717109680176e-01
-9.412496685981750488e-01
-9.416326284408569336e-01
-9.419590234756469727e-01
-9.421862959861755371e-01
-9.422591924667358398e-01
-9.424281120300292969e-01
-9.424740672111511230e-01
-9.426889419555664062e-01
-9.428677558898925781e-01
-9.430091977119445801e-01
-9.431748390197753906e-01
-9.433924555778503418e-01
-9.437122941017150879e-01
-9.439803957939147949e-01
-9.441881179809570312e-01
-9.443565607070922852e-01
-9.445013999938964844e-01
-9.446748495101928711e-01
-9.448708891868591309e-01
-9.450952410697937012e-01
-9.453390836715698242e-01
-9.455894231796264648e-01
-9.458487629890441895e-01
-9.457021951675415039e-01
-9.459640383720397949e-01
-9.462539553642272949e-01
-9.464854001998901367e-01
-9.466652274131774902e-01
-9.468105435371398926e-01
-9.469485878944396973e-01
-9.471000432968139648e-01
-9.473239779472351074e-01
-9.475803375244140625e-01
-9.477652907371520996e-01
-9.479570388793945312e-01
-9.482112526893615723e-01
-9.484500288963317871e-01
-9.486418366432189941e-01
-9.487921595573425293e-01
-9.489105939865112305e-01
-9.490284323692321777e-01
-9.491280913352966309e-01
-9.492233991622924805e-01
-9.493392705917358398e-01
-9.494686126708984375e-01
-9.495930075645446777e-01
-9.496979117393493652e-01
-9.498548507690429688e-01
-9.500823020935058594e-01
-9.503050446510314941e-01
-9.505394101142883301e-01
-9.506734609603881836e-01
-9.508916139602661133e-01
-9.511095285415649414e-01
-9.512799382209777832e-01
-9.514838457107543945e-01
-9.517143368721008301e-01
-9.520326852798461914e-01
-9.523416161537170410e-01
-9.526286125183105469e-01
-9.528833627700805664e-01
-9.531335830688476562e-01
-9.534897208213806152e-01
-9.537495970726013184e-01
-9.539927244186401367e-01
-9.542387127876281738e-01
-9.543641805648803711e-01
-9.545400738716125488e-01
-9.547254443168640137e-01
-9.548776149749755859e-01
-9.549914598464965820e-01
-9.550884962081909180e-01
-9.551829099655151367e-01
-9.552667737007141113e-01
-9.553848505020141602e-01
-9.555008411407470703e-01
-9.556347131729125977e-01
-9.557889103889465332e-01
-9.559036493301391602e-01
-9.560381770133972168e-01
-9.561665654182434082e-01
-9.562662839889526367e-01
-9.563394188880920410e-01
-9.563946723937988281e-01
-9.564443826675415039e-01
-9.564964175224304199e-01
-9.565639495849609375e-01
-9.566433429718017578e-01
-9.567077755928039551e-01
-9.568316340446472168e-01
-9.569693207740783691e-01
-9.570983648300170898e-01
-9.572401046752929688e-01
-9.573721885681152344e-01
-9.575484395027160645e-01
-9.577161073684692383e-01
-9.578776955604553223e-01
-9.580617547035217285e-01
-9.582778811454772949e-01
-9.583652019500732422e-01
-9.585151672363281250e-01
-9.586235284805297852e-01
-9.587172865867614746e-01
-9.588047266006469727e-01
-9.588799476623535156e-01
-9.589427113533020020e-01
-9.589892625808715820e-01
-9.590699076652526855e-01
-9.591884016990661621e-01
-9.593236446380615234e-01
-9.594785571098327637e-01
-9.595758318901062012e-01
-9.596905112266540527e-01
-9.597924351692199707e-01
-9.599517583847045898e-01
-9.601164460182189941e-01
-9.603023529052734375e-01
-9.604198932647705078e-01
-9.605346918106079102e-01
-9.606049060821533203e-01
-9.606579542160034180e-01
-9.606974124908447266e-01
-9.607209563255310059e-01
-9.607436656951904297e-01
-9.607679247856140137e-01
-9.608053565025329590e-01
-9.608584642410278320e-01
-9.609166383743286133e-01
-9.609811902046203613e-01
-9.610363841056823730e-01
-9.610936641693115234e-01
-9.611479043960571289e-01
-9.612022638320922852e-01
-9.612721204757690430e-01
-9.613460302352905273e-01
-9.614084959030151367e-01
-9.614627957344055176e-01
-9.615243673324584961e-01
-9.616078138351440430e-01
-9.617013335227966309e-01
-9.618025422096252441e-01
-9.618932008743286133e-01
-9.620074033737182617e-01
-9.621703028678894043e-01
-9.623298048973083496e-01
-9.624361395835876465e-01
-9.625030159950256348e-01
-9.625594615936279297e-01
-9.626072645187377930e-01
-9.626686573028564453e-01
-9.627366662025451660e-01
-9.627970457077026367e-01
-9.628428220748901367e-01
-9.628741145133972168e-01
-9.629098773002624512e-01
-9.629390835762023926e-01
-9.629674553871154785e-01
-9.629977941513061523e-01
-9.630419015884399414e-01
-9.630890488624572754e-01
-9.631458520889282227e-01
-9.632080793380737305e-01
-9.632784724235534668e-01
-9.633614420890808105e-01
-9.634745717048645020e-01
-9.635874032974243164e-01
-9.636856913566589355e-01
-9.637726545333862305e-01
-9.639401435852050781e-01
-9.640837907791137695e-01
-9.642304182052612305e-01
-9.643646478652954102e-01
-9.644913077354431152e-01
-9.646012187004089355e-01
-9.648173451423645020e-01
-9.650809168815612793e-01
-9.654151201248168945e-01
-9.657580852508544922e-01
-9.657765030860900879e-01
-9.658904075622558594e-01
-9.660885930061340332e-01
-9.662179946899414062e-01
-9.663778543472290039e-01
-9.665452837944030762e-01
-9.666259884834289551e-01
-9.667358994483947754e-01
-9.668762087821960449e-01
-9.669281840324401855e-01
-9.669616222381591797e-01
-9.671199321746826172e-01
-9.672067761421203613e-01
-9.672958850860595703e-01
-9.673809409141540527e-01
-9.674426913261413574e-01
-9.675092697143554688e-01
-9.675635099411010742e-01
-9.676081538200378418e-01
-9.677036404609680176e-01
-9.677733778953552246e-01
-9.678462743759155273e-01
-9.679127931594848633e-01
-9.680243134498596191e-01
-9.681266546249389648e-01
-9.682087302207946777e-01
-9.682638645172119141e-01
-9.682952761650085449e-01
-9.683346748352050781e-01
-9.683995842933654785e-01
-9.684655070304870605e-01
-9.685146212577819824e-01
-9.685580134391784668e-01
-9.685949683189392090e-01
-9.686375260353088379e-01
-9.687098860740661621e-01
-9.687985181808471680e-01
-9.688782691955566406e-01
-9.689630270004272461e-01
-9.690285325050354004e-01
-9.690905809402465820e-01
-9.691883921623229980e-01
-9.692670106887817383e-01
-9.693321585655212402e-01
-9.693760871887207031e-01
-9.694777131080627441e-01
-9.696127176284790039e-01
-9.697118401527404785e-01
-9.698138236999511719e-01
-9.698851704597473145e-01
-9.699693322181701660e-01
-9.701294302940368652e-01
-9.702791571617126465e-01
-9.705275297164916992e-01
-9.707610607147216797e-01
-9.711213707923889160e-01
-9.712944626808166504e-01
-9.715197086334228516e-01
-9.717729687690734863e-01
-9.720134735107421875e-01
-9.722837805747985840e-01
-9.725880026817321777e-01
-9.728254675865173340e-01
-9.731131196022033691e-01
-9.733539223670959473e-01
-9.737232923507690430e-01
-9.739090800285339355e-01
-9.741154909133911133e-01
-9.743396639823913574e-01
-9.745327234268188477e-01
-9.748522639274597168e-01
-9.752893447875976562e-01
-9.754433631896972656e-01
-9.756748080253601074e-01
-9.757220149040222168e-01
-9.757737517356872559e-01
-9.758773446083068848e-01
-9.759601950645446777e-01
-9.760431051254272461e-01
-9.761261343955993652e-01
-9.761846661567687988e-01
-9.762394428253173828e-01
-9.763021469116210938e-01
-9.763655066490173340e-01
-9.764392971992492676e-01
-9.765035510063171387e-01
-9.766036272048950195e-01
-9.767141938209533691e-01
-9.766183495521545410e-01
-9.767773151397705078e-01
-9.769172072410583496e-01
-9.770423173904418945e-01
-9.771530628204345703e-01
-9.772334098815917969e-01
-9.772978425025939941e-01
-9.773841500282287598e-01
-9.775003194808959961e-01
-9.775716066360473633e-01
-9.777086377143859863e-01
-9.778340458869934082e-01
-9.779870510101318359e-01
-9.781201481819152832e-01
-9.782786369323730469e-01
-9.784212708473205566e-01
-9.786118865013122559e-01
-9.787335395812988281e-01
-9.788792729377746582e-01
-9.790332913398742676e-01
-9.792065620422363281e-01
-9.793305993080139160e-01
-9.794554114341735840e-01
-9.796773195266723633e-01
-9.798355698585510254e-01
-9.800656437873840332e-01
-9.801993966102600098e-01
-9.802895784378051758e-01
-9.804096221923828125e-01
-9.805518984794616699e-01
-9.806822538375854492e-01
-9.808226227760314941e-01
-9.809113144874572754e-01
-9.810235500335693359e-01
-9.811508059501647949e-01
-9.812715053558349609e-01
-9.814155697822570801e-01
-9.815196394920349121e-01
-9.816333651542663574e-01
-9.818679094314575195e-01
-9.822921156883239746e-01
-9.825839996337890625e-01
-9.831700921058654785e-01
-9.835384488105773926e-01
-9.839682579040527344e-01
-9.843962192535400391e-01
-9.845367074012756348e-01
-9.846407175064086914e-01
-9.847882986068725586e-01
-9.848997592926025391e-01
-9.850409030914306641e-01
-9.851593375205993652e-01
-9.852606058120727539e-01
-9.853727817535400391e-01
-9.855562448501586914e-01
-9.844079017639160156e-01
-9.855998158454895020e-01
-9.857872128486633301e-01
-9.860006570816040039e-01
-9.861812591552734375e-01
-9.864203929901123047e-01
-9.866587519645690918e-01
-9.868654608726501465e-01
-9.870191812515258789e-01
-9.871278405189514160e-01
-9.872128963470458984e-01
-9.872865676879882812e-01
-9.873544573783874512e-01
-9.874432682991027832e-01
-9.875044822692871094e-01
-9.875681400299072266e-01
-9.876524209976196289e-01
-9.877355098724365234e-01
-9.878233671188354492e-01
-9.879276752471923828e-01
-9.880411624908447266e-01
-9.881562590599060059e-01
-9.882347583770751953e-01
-9.883038997650146484e-01
-9.883426427841186523e-01
-9.883702993392944336e-01
-9.883836507797241211e-01
-9.884029626846313477e-01
-9.884238839149475098e-01
-9.884337186813354492e-01
-9.884582757949829102e-01
-9.884798526763916016e-01
-9.885147213935852051e-01
-9.885536432266235352e-01
-9.885846972465515137e-01
-9.886124730110168457e-01
-9.886431097984313965e-01
-9.886812567710876465e-01
-9.887132048606872559e-01
-9.887561202049255371e-01
-9.888004660606384277e-01
-9.888638854026794434e-01
-9.888926148414611816e-01
-9.889878630638122559e-01
-9.891130924224853516e-01
-9.892350435256958008e-01
-9.894132018089294434e-01
-9.895456433296203613e-01
-9.897465109825134277e-01
-9.900268316268920898e-01
-9.903272986412048340e-01
-9.903565645217895508e-01
-9.904544353485107422e-01
-9.906758666038513184e-01
-9.909296631813049316e-01
-9.911333322525024414e-01
-9.915251135826110840e-01
-9.917871952056884766e-01
-9.918055534362792969e-01
-9.919987320899963379e-01
-9.921613931655883789e-01
-9.920748472213745117e-01
-9.922713041305541992e-01
-9.924067854881286621e-01
-9.924665093421936035e-01
-9.926372170448303223e-01
-9.927758574485778809e-01
-9.929347634315490723e-01
-9.931520819664001465e-01
-9.933777451515197754e-01
-9.936822652816772461e-01
-9.940109252929687500e-01
-9.941889643669128418e-01
-9.943201541900634766e-01
-9.943768978118896484e-01
-9.944240450859069824e-01
-9.944623112678527832e-01
-9.945132136344909668e-01
-9.945666193962097168e-01
-9.946188926696777344e-01
-9.946680068969726562e-01
-9.947319626808166504e-01
-9.947682619094848633e-01
-9.948270916938781738e-01
-9.949089884757995605e-01
-9.950109124183654785e-01
-9.951444268226623535e-01
-9.952708482742309570e-01
-9.953929185867309570e-01
-9.954764842987060547e-01
-9.955221414566040039e-01
-9.955897927284240723e-01
-9.956414103507995605e-01
-9.956858754158020020e-01
-9.957365393638610840e-01
-9.957914948463439941e-01
-9.958384633064270020e-01
-9.958938956260681152e-01
-9.959499239921569824e-01
-9.959919452667236328e-01
-9.960432052612304688e-01
-9.961011409759521484e-01
-9.961814284324645996e-01
-9.962608814239501953e-01
-9.963514804840087891e-01
-9.964212775230407715e-01
-9.964999556541442871e-01
-9.965817332267761230e-01
-9.966943860054016113e-01
-9.968380331993103027e-01
-9.969778656959533691e-01
-9.971028566360473633e-01
-9.971445798873901367e-01
-9.972268342971801758e-01
-9.972705841064453125e-01
-9.973091483116149902e-01
-9.973396062850952148e-01
-9.973793029785156250e-01
-9.974100589752197266e-01
-9.974363446235656738e-01
-9.974663853645324707e-01
-9.974902272224426270e-01
-9.975295066833496094e-01
-9.975761175155639648e-01
-9.976406693458557129e-01
-9.977198243141174316e-01
-9.978274703025817871e-01
-9.979581832885742188e-01
-9.981697201728820801e-01
-9.983371496200561523e-01
-9.986703395843505859e-01
-9.988854527473449707e-01
-9.991105198860168457e-01
-9.992697238922119141e-01
-9.992741942405700684e-01
-9.994048476219177246e-01
-9.995302557945251465e-01
-9.996582269668579102e-01
-9.997466802597045898e-01
-9.998038411140441895e-01
-9.998487234115600586e-01
-9.999129176139831543e-01
-9.999827742576599121e-01
-1.000068783760070801e+00
-1.000147581100463867e+00
-1.000230789184570312e+00
-1.000291228294372559e+00
-1.000378847122192383e+00
-1.000399351119995117e+00
-1.000498652458190918e+00
-1.000562191009521484e+00
-1.000610232353210449e+00
-1.000665545463562012e+00
-1.000720858573913574e+00
-1.000770926475524902e+00
-1.000818014144897461e+00
-1.000864267349243164e+00
-1.000897645950317383e+00
-1.000945210456848145e+00
-1.000973224639892578e+00
-1.000991821289062500e+00
-1.001011610031127930e+00
-1.001038432121276855e+00
-1.001060605049133301e+00
-1.001082658767700195e+00
-1.001107096672058105e+00
-1.001074910163879395e+00
-1.001114845275878906e+00
-1.001149296760559082e+00
-1.001164436340332031e+00
-1.001183867454528809e+00
-1.001199245452880859e+00
-1.001211762428283691e+00
-1.001224756240844727e+00
-1.001238822937011719e+00
-1.001258850097656250e+00
-1.001290440559387207e+00
-1.001295208930969238e+00
-1.001323461532592773e+00
-1.001372814178466797e+00
-1.001474261283874512e+00
-1.001628041267395020e+00
-1.001800537109375000e+00
-1.002009153366088867e+00
-1.002201914787292480e+00
-1.002333283424377441e+00
-1.002596259117126465e+00
-1.002837896347045898e+00
-1.003194928169250488e+00
-1.003554582595825195e+00
-1.003810763359069824e+00
-1.004129886627197266e+00
-1.004386425018310547e+00
-1.004617571830749512e+00
-1.004837274551391602e+00
-1.005083322525024414e+00
-1.005352854728698730e+00
-1.005572915077209473e+00
-1.005831599235534668e+00
-1.006093502044677734e+00
-1.006486773490905762e+00
-1.006238222122192383e+00
-1.006727099418640137e+00
-1.006953954696655273e+00
-1.007402181625366211e+00
-1.007836222648620605e+00
-1.008062005043029785e+00
-1.008228182792663574e+00
-1.008346319198608398e+00
-1.008684515953063965e+00
-1.008939504623413086e+00
-1.009081006050109863e+00
-1.009299278259277344e+00
-1.009469509124755859e+00
-1.009768009185791016e+00
-1.010117530822753906e+00
-1.010500431060791016e+00
-1.010707497596740723e+00
-1.011074066162109375e+00
-1.011295914649963379e+00
-1.011530041694641113e+00
-1.011657476425170898e+00
-1.011741518974304199e+00
-1.011806607246398926e+00
-1.011858940124511719e+00
-1.011922240257263184e+00
-1.011980891227722168e+00
-1.012021064758300781e+00
-1.012097001075744629e+00
-1.012155055999755859e+00
-1.012223720550537109e+00
-1.012264370918273926e+00
-1.012301325798034668e+00
-1.012349724769592285e+00
-1.012411236763000488e+00
-1.012476325035095215e+00
-1.012525439262390137e+00
-1.012580752372741699e+00
-1.012642502784729004e+00
-1.012700200080871582e+00
-1.012767076492309570e+00
-1.012804985046386719e+00
-1.012871623039245605e+00
-1.012948513031005859e+00
-1.013013005256652832e+00
-1.013077139854431152e+00
-1.013132691383361816e+00
-1.013181567192077637e+00
-1.013241410255432129e+00
-1.013275623321533203e+00
-1.013360023498535156e+00
-1.013442277908325195e+00
-1.013532519340515137e+00
-1.013644099235534668e+00
-1.013745069503784180e+00
-1.013817667961120605e+00
-1.013867259025573730e+00
-1.013886332511901855e+00
-1.013921499252319336e+00
-1.013961076736450195e+00
-1.013998389244079590e+00
-1.014026165008544922e+00
-1.014079928398132324e+00
-1.014135956764221191e+00
-1.014185070991516113e+00
-1.014237761497497559e+00
-1.014293432235717773e+00
-1.014363288879394531e+00
-1.014472007751464844e+00
-1.014583349227905273e+00
-1.014717340469360352e+00
-1.014914870262145996e+00
-1.015055537223815918e+00
-1.015221714973449707e+00
-1.015316724777221680e+00
-1.015400648117065430e+00
-1.015640974044799805e+00
-1.015781760215759277e+00
-1.015830397605895996e+00
-1.015917539596557617e+00
-1.015992045402526855e+00
-1.015957951545715332e+00
-1.016081213951110840e+00
-1.016189694404602051e+00
-1.016377329826354980e+00
-1.016452312469482422e+00
-1.016514182090759277e+00
-1.016576170921325684e+00
-1.016633868217468262e+00
-1.016693592071533203e+00
-1.016759157180786133e+00
-1.016829848289489746e+00
-1.016897439956665039e+00
-1.016967535018920898e+00
-1.017060160636901855e+00
-1.017137885093688965e+00
-1.017206192016601562e+00
-1.017265558242797852e+00
-1.017325043678283691e+00
-1.017382740974426270e+00
-1.017463088035583496e+00
-1.017536044120788574e+00
-1.017603754997253418e+00
-1.017626523971557617e+00
-1.017661929130554199e+00
-1.017697811126708984e+00
-1.017711043357849121e+00
-1.017731666564941406e+00
-1.017753005027770996e+00
-1.017787575721740723e+00
-1.017816781997680664e+00
-1.017858028411865234e+00
-1.017895460128784180e+00
-1.017943143844604492e+00
-1.018002748489379883e+00
-1.018105864524841309e+00
-1.018227338790893555e+00
-1.018300294876098633e+00
-1.018373250961303711e+00
-1.018430829048156738e+00
-1.018524765968322754e+00
-1.018645167350769043e+00
-1.018777132034301758e+00
-1.018885612487792969e+00
-1.018982172012329102e+00
-1.019071698188781738e+00
-1.019157648086547852e+00
-1.019286036491394043e+00
-1.019365906715393066e+00
-1.019455671310424805e+00
-1.019567966461181641e+00
-1.019082784652709961e+00
-1.019607782363891602e+00
-1.019736647605895996e+00
-1.019818544387817383e+00
-1.019942522048950195e+00
-1.020064353942871094e+00
-1.020145893096923828e+00
-1.020244240760803223e+00
-1.020325183868408203e+00
-1.020394921302795410e+00
-1.020457506179809570e+00
-1.020521283149719238e+00
-1.020583748817443848e+00
-1.020627021789550781e+00
-1.020685315132141113e+00
-1.020746350288391113e+00
-1.020809412002563477e+00
-1.020893692970275879e+00
-1.020957589149475098e+00
-1.021021604537963867e+00
-1.021090388298034668e+00
-1.021153926849365234e+00
-1.021196722984313965e+00
-1.021272897720336914e+00
-1.021350383758544922e+00
-1.021438479423522949e+00
-1.021530032157897949e+00
-1.021611690521240234e+00
-1.021681547164916992e+00
-1.021729111671447754e+00
-1.021785140037536621e+00
-1.021848797798156738e+00
-1.021925449371337891e+00
-1.021998643875122070e+00
-1.022058725357055664e+00
-1.022109150886535645e+00
-1.022162675857543945e+00
-1.022219419479370117e+00
-1.022283077239990234e+00
-1.022326946258544922e+00
-1.022355556488037109e+00
-1.022397518157958984e+00
-1.022437930107116699e+00
-1.022476315498352051e+00
-1.022530078887939453e+00
-1.022581577301025391e+00
-1.022644519805908203e+00
-1.022704243659973145e+00
-1.022789955139160156e+00
-1.022884845733642578e+00
-1.022987961769104004e+00
-1.023066520690917969e+00
-1.023144602775573730e+00
-1.023197531700134277e+00
-1.023290038108825684e+00
-1.023379445075988770e+00
-1.023446917533874512e+00
-1.023504614830017090e+00
-1.023562073707580566e+00
-1.023622512817382812e+00
-1.023684740066528320e+00
-1.023714780807495117e+00
-1.023754358291625977e+00
-1.023793935775756836e+00
-1.023838996887207031e+00
-1.023890137672424316e+00
-1.023932576179504395e+00
-1.023984789848327637e+00
-1.024039864540100098e+00
-1.024104833602905273e+00
-1.024148225784301758e+00
-1.024205803871154785e+00
-1.024255633354187012e+00
-1.024308919906616211e+00
-1.024358749389648438e+00
-1.024402737617492676e+00
-1.024427652359008789e+00
-1.024456739425659180e+00
-1.024491071701049805e+00
-1.024519801139831543e+00
-1.024544239044189453e+00
-1.024591565132141113e+00
-1.024650454521179199e+00
-1.024718880653381348e+00
-1.024790763854980469e+00
-1.024957418441772461e+00
-1.025107026100158691e+00
-1.025309443473815918e+00
-1.025467872619628906e+00
-1.025626540184020996e+00
-1.025919914245605469e+00
-1.026075124740600586e+00
-1.026231288909912109e+00
-1.026371002197265625e+00
-1.026463985443115234e+00
-1.026501655578613281e+00
-1.026601433753967285e+00
-1.026692748069763184e+00
-1.026769399642944336e+00
-1.026848316192626953e+00
-1.026892662048339844e+00
-1.026943445205688477e+00
-1.026983141899108887e+00
-1.027072429656982422e+00
-1.027155399322509766e+00
-1.027238965034484863e+00
-1.027346968650817871e+00
-1.027424693107604980e+00
-1.027522087097167969e+00
-1.027657747268676758e+00
-1.027756094932556152e+00
-1.027884602546691895e+00
-1.028054237365722656e+00
-1.028192043304443359e+00
-1.028282165527343750e+00
-1.028387904167175293e+00
-1.028451442718505859e+00
-1.028529167175292969e+00
-1.028605341911315918e+00
-1.028659105300903320e+00
-1.028728246688842773e+00
-1.028811097145080566e+00
-1.028896212577819824e+00
-1.028977274894714355e+00
-1.029044866561889648e+00
-1.029120087623596191e+00
-1.029205560684204102e+00
-1.029314041137695312e+00
-1.029448151588439941e+00
-1.029558300971984863e+00
-1.029669046401977539e+00
-1.029757857322692871e+00
-1.029885649681091309e+00
-1.029995918273925781e+00
-1.030140519142150879e+00
-1.030275940895080566e+00
-1.030423521995544434e+00
-1.030513763427734375e+00
-1.030588030815124512e+00
-1.030678033828735352e+00
-1.030755758285522461e+00
-1.030810236930847168e+00
-1.030901908874511719e+00
-1.030988097190856934e+00
-1.031116127967834473e+00
-1.031213164329528809e+00
-1.031243681907653809e+00
-1.031308531761169434e+00
-1.031348586082458496e+00
-1.031377673149108887e+00
-1.031403541564941406e+00
-1.031432509422302246e+00
-1.031462788581848145e+00
-1.031509757041931152e+00
-1.031549692153930664e+00
-1.031605482101440430e+00
-1.031688570976257324e+00
-1.031831741333007812e+00
-1.032031059265136719e+00
-1.032305240631103516e+00
-1.032560229301452637e+00
-1.032812833786010742e+00
-1.033158421516418457e+00
-1.033407330513000488e+00
-1.033675193786621094e+00
-1.033912539482116699e+00
-1.034156560897827148e+00
-1.034318089485168457e+00
-1.034562230110168457e+00
-1.034734487533569336e+00
-1.034945130348205566e+00
-1.035128474235534668e+00
-1.035317301750183105e+00
-1.035447955131530762e+00
-1.035597205162048340e+00
-1.035745143890380859e+00
-1.035844564437866211e+00
-1.035905361175537109e+00
-1.035956263542175293e+00
-1.036004424095153809e+00
-1.036046624183654785e+00
-1.036089897155761719e+00
-1.036130428314208984e+00
-1.036165952682495117e+00
-1.036211848258972168e+00
-1.036278724670410156e+00
-1.036328315734863281e+00
-1.036396026611328125e+00
-1.036470532417297363e+00
-1.036550045013427734e+00
-1.036593914031982422e+00
-1.036639690399169922e+00
-1.036620616912841797e+00
-1.036650776863098145e+00
-1.036675572395324707e+00
-1.036705017089843750e+00
-1.036737799644470215e+00
-1.036797165870666504e+00
-1.036887526512145996e+00
-1.037000656127929688e+00
-1.037075638771057129e+00
-1.037245392799377441e+00
-1.037331581115722656e+00
-1.037463188171386719e+00
-1.037552714347839355e+00
-1.037626385688781738e+00
-1.037681818008422852e+00
-1.037766098976135254e+00
-1.037870287895202637e+00
-1.038009524345397949e+00
-1.038166761398315430e+00
-1.038306355476379395e+00
-1.038403630256652832e+00
-1.038446545600891113e+00
-1.038545966148376465e+00
-1.038633584976196289e+00
-1.038735270500183105e+00
-1.038832306861877441e+00
-1.038910269737243652e+00
-1.038988232612609863e+00
-1.039092063903808594e+00
-1.039232134819030762e+00
-1.039453744888305664e+00
-1.039636969566345215e+00
-1.039826512336730957e+00
-1.039896488189697266e+00
-1.040036678314208984e+00
-1.040209412574768066e+00
-1.040337204933166504e+00
-1.040509343147277832e+00
-1.040650844573974609e+00
-1.040832638740539551e+00
-1.040943384170532227e+00
-1.041033983230590820e+00
-1.041171669960021973e+00
-1.041262745857238770e+00
-1.041351675987243652e+00
-1.041411519050598145e+00
-1.041461706161499023e+00
-1.041489124298095703e+00
-1.041527152061462402e+00
-1.041560411453247070e+00
-1.041596651077270508e+00
-1.041634798049926758e+00
-1.041681408882141113e+00
-1.041722297668457031e+00
-1.041791200637817383e+00
-1.041848897933959961e+00
-1.041939973831176758e+00
-1.042020678520202637e+00
-1.042081356048583984e+00
-1.042150378227233887e+00
-1.042211174964904785e+00
-1.042279005050659180e+00
-1.042322516441345215e+00
-1.042346715927124023e+00
-1.042372941970825195e+00
-1.042397618293762207e+00
-1.042429566383361816e+00
-1.042486190795898438e+00
-1.042535662651062012e+00
-1.042567610740661621e+00
-1.042602419853210449e+00
-1.042643308639526367e+00
-1.042669653892517090e+00
-1.042706489562988281e+00
-1.042724847793579102e+00
-1.042754054069519043e+00
-1.042785644531250000e+00
-1.042824864387512207e+00
-1.042858839035034180e+00
-1.042901515960693359e+00
-1.042968511581420898e+00
-1.043091297149658203e+00
-1.043219685554504395e+00
-1.043308258056640625e+00
-1.043433904647827148e+00
-1.043509483337402344e+00
-1.043584704399108887e+00
-1.043646693229675293e+00
-1.043695688247680664e+00
-1.043714642524719238e+00
-1.043761134147644043e+00
-1.043794870376586914e+00
-1.043827891349792480e+00
-1.043854355812072754e+00
-1.043888807296752930e+00
-1.043921113014221191e+00
-1.043957352638244629e+00
-1.043954253196716309e+00
-1.043984770774841309e+00
-1.044025897979736328e+00
-1.044101953506469727e+00
-1.044214129447937012e+00
-1.044197440147399902e+00
-1.044286370277404785e+00
-1.044390916824340820e+00
-1.044624805450439453e+00
-1.044557094573974609e+00
-1.044755697250366211e+00
-1.044896245002746582e+00
-1.045051455497741699e+00
-1.045183420181274414e+00
-1.045278906822204590e+00
-1.045398831367492676e+00
-1.045518398284912109e+00
-1.045638561248779297e+00
-1.045763134956359863e+00
-1.045894980430603027e+00
-1.046041488647460938e+00
-1.046184539794921875e+00
-1.046339154243469238e+00
-1.046478152275085449e+00
-1.046663284301757812e+00
-1.046755552291870117e+00
-1.046960234642028809e+00
-1.047157049179077148e+00
-1.047318220138549805e+00
-1.047586798667907715e+00
-1.047737121582031250e+00
-1.047922015190124512e+00
-1.048148393630981445e+00
-1.048307657241821289e+00
-1.048496007919311523e+00
-1.048688173294067383e+00
-1.048875212669372559e+00
-1.049094200134277344e+00
-1.049303889274597168e+00
-1.049500703811645508e+00
-1.049661874771118164e+00
-1.049764990806579590e+00
-1.049863934516906738e+00
-1.049954175949096680e+00
-1.050067782402038574e+00
-1.050200343132019043e+00
-1.050326347351074219e+00
-1.050297975540161133e+00
-1.050403594970703125e+00
-1.050514817237854004e+00
-1.050619125366210938e+00
-1.050783991813659668e+00
-1.050896048545837402e+00
-1.051028490066528320e+00
-1.051135540008544922e+00
-1.051204085350036621e+00
-1.051270723342895508e+00
-1.051306962966918945e+00
-1.051353216171264648e+00
-1.051412463188171387e+00
-1.051449775695800781e+00
-1.051489233970642090e+00
-1.051536321640014648e+00
-1.051613330841064453e+00
-1.051677107810974121e+00
-1.051744818687438965e+00
-1.051813840866088867e+00
-1.051878094673156738e+00
-1.051923990249633789e+00
-1.051968693733215332e+00
-1.052026629447937012e+00
-1.052084565162658691e+00
-1.052133679389953613e+00
-1.052188992500305176e+00
-1.052243471145629883e+00
-1.052298665046691895e+00
-1.052396535873413086e+00
-1.052431821823120117e+00
-1.052461266517639160e+00
-1.052552700042724609e+00
-1.052721500396728516e+00
-1.052852988243103027e+00
-1.052951574325561523e+00
-1.052989721298217773e+00
-1.053046345710754395e+00
-1.053095221519470215e+00
-1.053177118301391602e+00
-1.053237557411193848e+00
-1.053267121315002441e+00
-1.053293585777282715e+00
-1.053314447402954102e+00
-1.053348064422607422e+00
-1.053395032882690430e+00
-1.053454041481018066e+00
-1.053537368774414062e+00
-1.053620338439941406e+00
-1.053692340850830078e+00
-1.053759336471557617e+00
-1.053819894790649414e+00
-1.053897023200988770e+00
-1.053940534591674805e+00
-1.053969740867614746e+00
-1.053994774818420410e+00
-1.054002404212951660e+00
-1.054022431373596191e+00
-1.054041743278503418e+00
-1.054046392440795898e+00
-1.054057002067565918e+00
-1.054064631462097168e+00
-1.054071784019470215e+00
-1.054074406623840332e+00
-1.054080367088317871e+00
-1.054092168807983398e+00
-1.054108858108520508e+00
-1.054125547409057617e+00
-1.054147720336914062e+00
-1.054168939590454102e+00
-1.054199218750000000e+00
-1.054211854934692383e+00
-1.054232001304626465e+00
-1.054246425628662109e+00
-1.054265499114990234e+00
-1.054289579391479492e+00
-1.054308056831359863e+00
-1.054322957992553711e+00
-1.054352402687072754e+00
-1.054362893104553223e+00
-1.054415225982666016e+00
-1.054453611373901367e+00
-1.054484486579895020e+00
-1.054509162902832031e+00
-1.054546713829040527e+00
-1.054575562477111816e+00
-1.054610490798950195e+00
-1.054629564285278320e+00
-1.054646134376525879e+00
-1.054661989212036133e+00
-1.054673790931701660e+00
-1.054683923721313477e+00
-1.054688692092895508e+00
-1.054697275161743164e+00
-1.054705500602722168e+00
-1.054713010787963867e+00
-1.054724216461181641e+00
-1.054734230041503906e+00
-1.054742455482482910e+00
-1.054756402969360352e+00
-1.054771184921264648e+00
-1.054780483245849609e+00
-1.054793238639831543e+00
-1.054798603057861328e+00
-1.054815173149108887e+00
-1.054831624031066895e+00
-1.054854989051818848e+00
-1.054872632026672363e+00
-1.054880023002624512e+00
-1.054874539375305176e+00
-1.054892778396606445e+00
-1.054902553558349609e+00
-1.054911255836486816e+00
-1.054930329322814941e+00
-1.054938077926635742e+00
-1.054961919784545898e+00
-1.054982185363769531e+00
-1.055000424385070801e+00
-1.055036664009094238e+00
-1.055077672004699707e+00
-1.055102944374084473e+00
-1.055131435394287109e+00
-1.055161118507385254e+00
-1.055211544036865234e+00
-1.055247187614440918e+00
-1.055291771888732910e+00
-1.055332660675048828e+00
-1.055386543273925781e+00
-1.055433630943298340e+00
-1.055487751960754395e+00
-1.055511951446533203e+00
-1.055544376373291016e+00
-1.055560588836669922e+00
-1.055579662322998047e+00
-1.055590987205505371e+00
-1.055594682693481445e+00
-1.055617570877075195e+00
-1.055630564689636230e+00
-1.055483937263488770e+00
-1.055628299713134766e+00
-1.055632710456848145e+00
-1.055644035339355469e+00
-1.055662155151367188e+00
-1.055686116218566895e+00
-1.055710792541503906e+00
-1.055723786354064941e+00
-1.055745959281921387e+00
-1.055757284164428711e+00
-1.055749535560607910e+00
-1.055767536163330078e+00
-1.055774450302124023e+00
-1.055800318717956543e+00
-1.055803656578063965e+00
-1.055813312530517578e+00
-1.055838227272033691e+00
-1.055860042572021484e+00
-1.055889964103698730e+00
-1.055913209915161133e+00
-1.055949211120605469e+00
-1.055987477302551270e+00
-1.056033730506896973e+00
-1.056075453758239746e+00
-1.056114792823791504e+00
-1.056140899658203125e+00
-1.056166052818298340e+00
-1.056186676025390625e+00
-1.056203007698059082e+00
-1.056220769882202148e+00
-1.056231856346130371e+00
-1.056258082389831543e+00
-1.056278705596923828e+00
-1.056296110153198242e+00
-1.056316256523132324e+00
-1.056289434432983398e+00
-1.056320428848266602e+00
-1.056326746940612793e+00
-1.056337237358093262e+00
-1.056347489356994629e+00
-1.056347489356994629e+00
