2.649100542068481445e+00
2.614908456802368164e+00
2.258538246154785156e+00
2.360257148742675781e+00
1.910095095634460449e+00
1.772558212280273438e+00
1.492747902870178223e+00
8.761374950408935547e-01
2.091245174407958984e+00
6.491654515266418457e-01
5.540496706962585449e-01
5.314002633094787598e-01
5.276980400085449219e-01
5.243796110153198242e-01
5.217550396919250488e-01
5.171048641204833984e-01
5.103278756141662598e-01
5.023342370986938477e-01
4.988779425621032715e-01
4.970766007900238037e-01
4.945787489414215088e-01
4.879268109798431396e-01
4.931607246398925781e-01
4.848541319370269775e-01
4.833257794380187988e-01
4.793998897075653076e-01
4.785897731781005859e-01
4.782526195049285889e-01
4.777345955371856689e-01
4.767412841320037842e-01
4.751269221305847168e-01
4.733957350254058838e-01
4.719935059547424316e-01
4.695053398609161377e-01
4.668506085872650146e-01
4.644123911857604980e-01
4.629925787448883057e-01
4.614397883415222168e-01
4.608265161514282227e-01
4.603035748004913330e-01
4.579659998416900635e-01
4.556248188018798828e-01
4.511350691318511963e-01
5.828414559364318848e-01
4.470957219600677490e-01
5.686163306236267090e-01
4.393540322780609131e-01
4.972791075706481934e-01
4.315400719642639160e-01
4.260168969631195068e-01
4.240021705627441406e-01
4.228277206420898438e-01
4.217090904712677002e-01
4.174262285232543945e-01
4.108674526214599609e-01
4.042070209980010986e-01
4.000202715396881104e-01
3.975188434123992920e-01
3.946861028671264648e-01
3.915507495403289795e-01
3.874370753765106201e-01
3.820195794105529785e-01
3.762794733047485352e-01
3.691676855087280273e-01
3.597576618194580078e-01
3.524855971336364746e-01
3.474995493888854980e-01
3.432894349098205566e-01
3.406086266040802002e-01
3.393027484416961670e-01
3.385401368141174316e-01
3.380684256553649902e-01
3.375074267387390137e-01
3.366416990756988525e-01
3.356017172336578369e-01
3.345828354358673096e-01
3.338339924812316895e-01
3.335941731929779053e-01
3.335255682468414307e-01
3.334548473358154297e-01
3.333958983421325684e-01
3.333265185356140137e-01
3.332191705703735352e-01
3.329841792583465576e-01
3.324021697044372559e-01
3.313500881195068359e-01
3.299352824687957764e-01
3.286698460578918457e-01
3.270942270755767822e-01
3.265152573585510254e-01
3.260391354560852051e-01
3.249967396259307861e-01
3.245797753334045410e-01
3.242468535900115967e-01
3.241721987724304199e-01
3.241215348243713379e-01
3.240928351879119873e-01
3.240640461444854736e-01
3.240173459053039551e-01
3.239394724369049072e-01
3.237982988357543945e-01
3.236008584499359131e-01
3.231765031814575195e-01
3.227585554122924805e-01
3.226870000362396240e-01
3.225244879722595215e-01
3.220152556896209717e-01
3.218202590942382812e-01
3.215847313404083252e-01
3.213492631912231445e-01
3.210489451885223389e-01
3.208954036235809326e-01
3.207424879074096680e-01
3.206706643104553223e-01
3.205317854881286621e-01
3.203344941139221191e-01
3.200265169143676758e-01
3.197191953659057617e-01
3.194307386875152588e-01
3.191603422164916992e-01
3.188860118389129639e-01
3.187237083911895752e-01
3.186184763908386230e-01
3.185377120971679688e-01
3.184625804424285889e-01
3.183575868606567383e-01
3.182418048381805420e-01
3.181044757366180420e-01
3.179488480091094971e-01
3.177523910999298096e-01
3.175170421600341797e-01
3.172842562198638916e-01
3.170800209045410156e-01
3.168684840202331543e-01
3.164927959442138672e-01
3.160139620304107666e-01
3.154817521572113037e-01
3.149266839027404785e-01
3.144022524356842041e-01
3.141139745712280273e-01
3.132762014865875244e-01
3.125492334365844727e-01
3.119314610958099365e-01
3.116027116775512695e-01
3.114032745361328125e-01
3.112129569053649902e-01
3.110649585723876953e-01
3.108788430690765381e-01
3.107369244098663330e-01
3.106121420860290527e-01
3.104808330535888672e-01
3.102391660213470459e-01
3.099657297134399414e-01
3.096840977668762207e-01
3.092902004718780518e-01
3.089014887809753418e-01
3.086805641651153564e-01
3.085144162178039551e-01
3.083482384681701660e-01
3.080433607101440430e-01
3.075670301914215088e-01
3.068861365318298340e-01
3.062622547149658203e-01
3.060116469860076904e-01
3.057642579078674316e-01
3.056103587150573730e-01
3.054830431938171387e-01
3.053526580333709717e-01
3.052008450031280518e-01
3.049493432044982910e-01
3.045422434806823730e-01
3.040213584899902344e-01
3.035647273063659668e-01
3.029596805572509766e-01
3.026852011680603027e-01
3.022440075874328613e-01
3.016815781593322754e-01
3.011028766632080078e-01
3.005836009979248047e-01
3.001566231250762939e-01
2.995754778385162354e-01
2.991158962249755859e-01
2.994430363178253174e-01
2.976040542125701904e-01
2.966360747814178467e-01
2.963880598545074463e-01
2.961977422237396240e-01
2.959323823451995850e-01
2.957424819469451904e-01
2.955600321292877197e-01
2.952663600444793701e-01
2.945955097675323486e-01
2.936172187328338623e-01
2.924969494342803955e-01
2.907655239105224609e-01
2.901590466499328613e-01
2.874558269977569580e-01
2.868596911430358887e-01
2.860398590564727783e-01
2.855970859527587891e-01
2.854757010936737061e-01
2.850947380065917969e-01
2.840875089168548584e-01
2.833066582679748535e-01
2.818553745746612549e-01
2.811234891414642334e-01
2.808921039104461670e-01
2.800003886222839355e-01
2.793050408363342285e-01
2.791400551795959473e-01
2.787800133228302002e-01
2.781048417091369629e-01
2.775988280773162842e-01
2.771925330162048340e-01
2.766810655593872070e-01
2.763999998569488525e-01
2.759510874748229980e-01
2.756710946559906006e-01
2.752460837364196777e-01
2.749805450439453125e-01
2.748705744743347168e-01
2.748099863529205322e-01
2.747306525707244873e-01
2.745868861675262451e-01
2.743481099605560303e-01
2.740273177623748779e-01
2.737488448619842529e-01
2.734458446502685547e-01
2.730001807212829590e-01
2.725029885768890381e-01
2.721754014492034912e-01
2.719939649105072021e-01
2.718702256679534912e-01
2.716616094112396240e-01
2.714248299598693848e-01
2.711683809757232666e-01
2.709975838661193848e-01
2.707236409187316895e-01
2.703961730003356934e-01
2.699689269065856934e-01
2.696261405944824219e-01
2.689632177352905273e-01
2.685575187206268311e-01
2.683635652065277100e-01
2.680297493934631348e-01
2.677319347858428955e-01
2.673229575157165527e-01
2.668149173259735107e-01
2.662871181964874268e-01
2.658609747886657715e-01
2.654838562011718750e-01
2.651418745517730713e-01
2.650275826454162598e-01
2.648967206478118896e-01
2.647764384746551514e-01
2.646958827972412109e-01
2.645747363567352295e-01
2.644579112529754639e-01
2.643590569496154785e-01
2.642482221126556396e-01
2.640932798385620117e-01
2.638283669948577881e-01
2.635175585746765137e-01
2.631138861179351807e-01
2.630054354667663574e-01
2.628788352012634277e-01
2.628122270107269287e-01
2.626649439334869385e-01
2.624591588973999023e-01
2.621495127677917480e-01
2.617811560630798340e-01
2.614044845104217529e-01
2.609534263610839844e-01
2.606784999370574951e-01
2.603362500667572021e-01
2.599280774593353271e-01
2.592922449111938477e-01
2.586144506931304932e-01
2.579072415828704834e-01
2.574369609355926514e-01
2.569486498832702637e-01
2.564994394779205322e-01
2.560377418994903564e-01
2.555630505084991455e-01
2.550280392169952393e-01
2.544944286346435547e-01
2.539164125919342041e-01
2.532113790512084961e-01
2.527882158756256104e-01
2.541893720626831055e-01
2.519488632678985596e-01
2.512962222099304199e-01
2.507222294807434082e-01
2.505290508270263672e-01
2.503758966922760010e-01
2.501875460147857666e-01
2.500770390033721924e-01
2.498957365751266479e-01
2.496721744537353516e-01
2.493976056575775146e-01
2.490304857492446899e-01
2.484741657972335815e-01
2.475643604993820190e-01
2.471431493759155273e-01
2.463440448045730591e-01
2.453793287277221680e-01
2.446388751268386841e-01
2.440102696418762207e-01
2.432743310928344727e-01
2.426067739725112915e-01
2.417781352996826172e-01
2.407092452049255371e-01
2.398467212915420532e-01
2.382596135139465332e-01
2.374994009733200073e-01
2.368752062320709229e-01
2.356342673301696777e-01
2.349248081445693970e-01
2.344788908958435059e-01
2.342897355556488037e-01
2.340340167284011841e-01
2.337160855531692505e-01
2.334280610084533691e-01
2.329885214567184448e-01
2.322446852922439575e-01
2.314356267452239990e-01
2.307879030704498291e-01
2.300456613302230835e-01
2.296258956193923950e-01
2.290034592151641846e-01
2.284235358238220215e-01
2.280227392911911011e-01
2.276121526956558228e-01
2.271810919046401978e-01
2.265848964452743530e-01
2.262365370988845825e-01
2.259434759616851807e-01
2.256741672754287720e-01
2.253871113061904907e-01
2.250080257654190063e-01
2.245115190744400024e-01
2.240619361400604248e-01
2.236494868993759155e-01
2.230418771505355835e-01
2.223096638917922974e-01
2.218319326639175415e-01
2.214644998311996460e-01
2.209809869527816772e-01
2.205310314893722534e-01
2.196805030107498169e-01
2.192376554012298584e-01
2.184400707483291626e-01
2.176250815391540527e-01
2.169152945280075073e-01
2.164047956466674805e-01
2.160516977310180664e-01
2.155996561050415039e-01
2.150845229625701904e-01
2.146162688732147217e-01
2.143107056617736816e-01
2.137517333030700684e-01
2.134385555982589722e-01
2.132280170917510986e-01
2.129538506269454956e-01
2.127843201160430908e-01
2.126407027244567871e-01
2.124375998973846436e-01
2.122035175561904907e-01
2.119454443454742432e-01
2.117237299680709839e-01
2.115328460931777954e-01
2.113601416349411011e-01
2.111333459615707397e-01
2.109128087759017944e-01
2.105040103197097778e-01
2.100849896669387817e-01
2.096902430057525635e-01
2.091619968414306641e-01
2.086551040410995483e-01
2.077358812093734741e-01
2.072073072195053101e-01
2.062189877033233643e-01
2.049185186624526978e-01
2.033733129501342773e-01
2.025633305311203003e-01
2.015596777200698853e-01
2.010172456502914429e-01
2.004304677248001099e-01
2.002064436674118042e-01
1.995400935411453247e-01
1.992395669221878052e-01
1.989416927099227905e-01
1.986462473869323730e-01
1.979288309812545776e-01
1.968203037977218628e-01
1.958396732807159424e-01
1.950165629386901855e-01
1.943068504333496094e-01
1.936416625976562500e-01
1.930137574672698975e-01
1.920170485973358154e-01
1.909694075584411621e-01
1.903358548879623413e-01
1.894943714141845703e-01
1.886832863092422485e-01
1.881575733423233032e-01
1.878170818090438843e-01
1.875689476728439331e-01
1.874084472656250000e-01
1.871710121631622314e-01
1.868717372417449951e-01
1.865473836660385132e-01
1.862502098083496094e-01
1.858453452587127686e-01
1.851257830858230591e-01
1.844684034585952759e-01
1.840199381113052368e-01
1.836566179990768433e-01
1.832632571458816528e-01
1.828933507204055786e-01
1.823539584875106812e-01
1.816990375518798828e-01
1.811615973711013794e-01
1.804081797599792480e-01
1.798351705074310303e-01
1.794380545616149902e-01
1.792692393064498901e-01
1.792030036449432373e-01
1.790359169244766235e-01
1.787679493427276611e-01
1.784231513738632202e-01
1.781875044107437134e-01
1.779664903879165649e-01
1.776171922683715820e-01
1.773245036602020264e-01
1.768886744976043701e-01
1.766629964113235474e-01
1.763087511062622070e-01
1.760780364274978638e-01
1.758974194526672363e-01
1.757258325815200806e-01
1.756070256233215332e-01
1.754530668258666992e-01
1.752631217241287231e-01
1.750910431146621704e-01
1.749625056982040405e-01
1.748169362545013428e-01
1.747107654809951782e-01
1.745944768190383911e-01
1.744396388530731201e-01
1.742188185453414917e-01
1.739431172609329224e-01
1.736702620983123779e-01
1.734864860773086548e-01
1.733207851648330688e-01
1.732342839241027832e-01
1.731339097023010254e-01
1.729683578014373779e-01
1.727904975414276123e-01
1.725424379110336304e-01
1.721871793270111084e-01
1.717535406351089478e-01
1.712042391300201416e-01
1.707620173692703247e-01
1.701482236385345459e-01
1.696442812681198120e-01
1.691816747188568115e-01
1.686762869358062744e-01
1.679740399122238159e-01
1.673000901937484741e-01
1.668296456336975098e-01
1.662534773349761963e-01
1.654352843761444092e-01
1.649384498596191406e-01
1.641276329755783081e-01
1.639257222414016724e-01
1.634393036365509033e-01
1.632616966962814331e-01
1.631701886653900146e-01
1.630163341760635376e-01
1.628538966178894043e-01
1.627038866281509399e-01
1.625505536794662476e-01
1.623620390892028809e-01
1.622021049261093140e-01
1.620603203773498535e-01
1.619321852922439575e-01
1.617771089076995850e-01
1.615568846464157104e-01
1.612053215503692627e-01
1.605686396360397339e-01
1.598360836505889893e-01
1.587705314159393311e-01
1.580508649349212646e-01
1.572138071060180664e-01
1.566590815782546997e-01
1.558276861906051636e-01
1.551954597234725952e-01
1.545396298170089722e-01
1.539782434701919556e-01
1.534528434276580811e-01
1.531067937612533569e-01
1.527802199125289917e-01
1.523997336626052856e-01
1.521198898553848267e-01
1.519386917352676392e-01
1.518457084894180298e-01
1.517623513936996460e-01
1.515926122665405273e-01
1.513810455799102783e-01
1.510724723339080811e-01
1.507202833890914917e-01
1.502722501754760742e-01
1.495846509933471680e-01
1.487882584333419800e-01
1.481284350156784058e-01
1.472983062267303467e-01
1.458670943975448608e-01
1.450895071029663086e-01
1.444618403911590576e-01
1.441421508789062500e-01
1.435986012220382690e-01
1.433017253875732422e-01
1.430752724409103394e-01
1.428758502006530762e-01
1.426113098859786987e-01
1.422730386257171631e-01
1.419054567813873291e-01
1.413664817810058594e-01
1.409659832715988159e-01
1.404609084129333496e-01
1.397636681795120239e-01
1.390741467475891113e-01
1.386948227882385254e-01
1.384178251028060913e-01
1.381338685750961304e-01
1.377862542867660522e-01
1.373943239450454712e-01
1.369143128395080566e-01
1.362048536539077759e-01
1.353273391723632812e-01
1.344225555658340454e-01
1.345921009778976440e-01
1.340983361005783081e-01
1.337276548147201538e-01
1.334706544876098633e-01
1.333042383193969727e-01
1.330283880233764648e-01
1.327277272939682007e-01
1.326416879892349243e-01
1.325561851263046265e-01
1.324614435434341431e-01
1.323546916246414185e-01
1.322882622480392456e-01
1.321768164634704590e-01
1.319755166769027710e-01
1.316902339458465576e-01
1.312840729951858521e-01
1.308236420154571533e-01
1.306971013545989990e-01
1.303033679723739624e-01
1.299602389335632324e-01
1.295722573995590210e-01
1.290879696607589722e-01
1.286774128675460815e-01
1.283538490533828735e-01
1.279819905757904053e-01
1.275780647993087769e-01
1.269915103912353516e-01
1.262286305427551270e-01
1.257161051034927368e-01
1.253958046436309814e-01
1.251876503229141235e-01
1.250796765089035034e-01
1.250257492065429688e-01
1.249848753213882446e-01
1.249586716294288635e-01
1.249159201979637146e-01
1.248532012104988098e-01
1.247637867927551270e-01
1.246379911899566650e-01
1.244314238429069519e-01
1.241557598114013672e-01
1.238128021359443665e-01
1.234739869832992554e-01
1.231327131390571594e-01
1.227254197001457214e-01
1.220690682530403137e-01
1.212486922740936279e-01
1.200009435415267944e-01
1.194262355566024780e-01
1.189794689416885376e-01
1.176895201206207275e-01
1.180472820997238159e-01
1.169565021991729736e-01
1.159027814865112305e-01
1.157793477177619934e-01
1.155601441860198975e-01
1.148648932576179504e-01
1.145021915435791016e-01
1.138239651918411255e-01
1.141088977456092834e-01
1.128208637237548828e-01
1.121998280286788940e-01
1.109415218234062195e-01
1.094990298151969910e-01
1.078211665153503418e-01
1.053947210311889648e-01
1.033066213130950928e-01
1.008242517709732056e-01
9.962240606546401978e-02
9.892179816961288452e-02
9.769669175148010254e-02
9.662409871816635132e-02
9.599974006414413452e-02
9.527508914470672607e-02
9.449246525764465332e-02
9.386886656284332275e-02
9.348235279321670532e-02
9.318025410175323486e-02
9.287272393703460693e-02
9.265670925378799438e-02
9.246506541967391968e-02
9.217821806669235229e-02
9.190701693296432495e-02
9.171713888645172119e-02
9.135747700929641724e-02
9.082799404859542847e-02
9.000840038061141968e-02
8.904337882995605469e-02
8.770895004272460938e-02
8.711573481559753418e-02
8.630865812301635742e-02
8.577344566583633423e-02
8.532635867595672607e-02
8.500848710536956787e-02
8.464936167001724243e-02
8.426801860332489014e-02
8.374689519405364990e-02
8.281537890434265137e-02
8.122420310974121094e-02
7.894641160964965820e-02
7.667015492916107178e-02
7.484444975852966309e-02
7.244681566953659058e-02
6.995835155248641968e-02
6.805892288684844971e-02
6.603717803955078125e-02
6.541603803634643555e-02
6.356515735387802124e-02
6.264803558588027954e-02
6.179477646946907043e-02
6.020544841885566711e-02
5.908048525452613831e-02
5.759626626968383789e-02
5.642655491828918457e-02
5.549272149801254272e-02
5.389347299933433533e-02
5.239850655198097229e-02
5.069834738969802856e-02
4.831361770629882812e-02
4.584743082523345947e-02
4.243004694581031799e-02
4.023484885692596436e-02
3.718055039644241333e-02
3.326161950826644897e-02
3.013456799089908600e-02
2.673069760203361511e-02
2.413299307227134705e-02
2.199617214500904083e-02
1.963496953248977661e-02
1.723284833133220673e-02
1.527174934744834900e-02
1.387693453580141068e-02
1.237815991044044495e-02
1.116462703794240952e-02
8.762758225202560425e-03
7.510215975344181061e-03
6.368143018335103989e-03
5.585378035902976990e-03
5.039482843130826950e-03
4.623182117938995361e-03
4.013037774711847305e-03
3.140750341117382050e-03
1.842944417148828506e-03
1.278061099583283067e-04
-2.261893823742866516e-03
-5.346910562366247177e-03
-1.021251827478408813e-02
-1.354927755892276764e-02
-1.643764041364192963e-02
-1.729586161673069000e-02
-1.824143342673778534e-02
-1.926748082041740417e-02
-2.037522383034229279e-02
-2.213595807552337646e-02
-2.345687709748744965e-02
-2.459399960935115814e-02
-2.501799352467060089e-02
-2.561313472688198090e-02
-2.635597437620162964e-02
-2.764735184609889984e-02
-3.002138622105121613e-02
-3.139136731624603271e-02
-3.224784135818481445e-02
-3.353314474225044250e-02
-3.487619757652282715e-02
-3.595810756087303162e-02
-3.743911907076835632e-02
-3.891203179955482483e-02
-4.059421271085739136e-02
-4.254459962248802185e-02
-4.546089097857475281e-02
-4.768972471356391907e-02
-4.963957518339157104e-02
-5.159501731395721436e-02
-5.412507429718971252e-02
-5.594674870371818542e-02
-5.803602933883666992e-02
-6.133448332548141479e-02
-6.673214584589004517e-02
-7.292655855417251587e-02
-7.721002399921417236e-02
-8.162930607795715332e-02
-8.447284996509552002e-02
-8.591613918542861938e-02
-8.645848184823989868e-02
-8.692509680986404419e-02
-8.819594979286193848e-02
-9.086553752422332764e-02
-9.459345042705535889e-02
-9.800016880035400391e-02
-1.027249917387962341e-01
-1.102119609713554382e-01
-1.154384687542915344e-01
-1.212394163012504578e-01
-1.247288361191749573e-01
-1.263911873102188110e-01
-1.274236738681793213e-01
-1.284478306770324707e-01
-1.291936933994293213e-01
-1.299206763505935669e-01
-1.316687166690826416e-01
-1.327122449874877930e-01
-1.339903324842453003e-01
-1.350650191307067871e-01
-1.371044963598251343e-01
-1.401416808366775513e-01
-1.431055068969726562e-01
-1.470892727375030518e-01
-1.525097489356994629e-01
-1.599460393190383911e-01
-1.668570041656494141e-01
-1.735538989305496216e-01
-1.754959821701049805e-01
-1.779958605766296387e-01
-1.807957142591476440e-01
-1.818595230579376221e-01
-1.829444915056228638e-01
-1.840954124927520752e-01
-1.855282932519912720e-01
-1.866768598556518555e-01
-1.883685439825057983e-01
-1.907864212989807129e-01
-1.927874088287353516e-01
-1.950894594192504883e-01
-1.984692811965942383e-01
-2.043257057666778564e-01
-2.103351652622222900e-01
-2.157575786113739014e-01
-2.213493287563323975e-01
-2.201635539531707764e-01
-2.240620404481887817e-01
-2.270458936691284180e-01
-2.292815446853637695e-01
-2.316601872444152832e-01
-2.337675988674163818e-01
-2.348989099264144897e-01
-2.357354164123535156e-01
-2.366866916418075562e-01
-2.376747727394104004e-01
-2.387172728776931763e-01
-2.397680431604385376e-01
-2.407758682966232300e-01
-2.419622093439102173e-01
-2.447503656148910522e-01
-2.484255433082580566e-01
-2.513934075832366943e-01
-2.541807591915130615e-01
-2.565259635448455811e-01
-2.576766610145568848e-01
-2.597354948520660400e-01
-2.609157264232635498e-01
-2.629030942916870117e-01
-2.677524685859680176e-01
-2.708452343940734863e-01
-2.748819291591644287e-01
-2.772518098354339600e-01
-2.797254621982574463e-01
-2.820019721984863281e-01
-2.831998169422149658e-01
-2.838385999202728271e-01
-2.842736840248107910e-01
-2.849054336547851562e-01
-2.858561277389526367e-01
-2.871028184890747070e-01
-2.887533009052276611e-01
-2.907649576663970947e-01
-2.937636971473693848e-01
-2.968237698078155518e-01
-2.984222173690795898e-01
-2.991351485252380371e-01
-2.994742393493652344e-01
-2.997326552867889404e-01
-3.000862896442413330e-01
-3.003832101821899414e-01
-3.008620738983154297e-01
-3.012860715389251709e-01
-3.017705976963043213e-01
-3.024028837680816650e-01
-3.031836152076721191e-01
-3.040903806686401367e-01
-3.056196272373199463e-01
-3.071567118167877197e-01
-3.089178204536437988e-01
-3.098339140415191650e-01
-3.109722733497619629e-01
-3.119522333145141602e-01
-3.130318820476531982e-01
-3.138382434844970703e-01
-3.144989609718322754e-01
-3.151533603668212891e-01
-3.156083822250366211e-01
-3.159013688564300537e-01
-3.162772357463836670e-01
-3.169138729572296143e-01
-3.175254762172698975e-01
-3.181624412536621094e-01
-3.188154101371765137e-01
-3.196833729743957520e-01
-3.205319344997406006e-01
-3.216251432895660400e-01
-3.224797844886779785e-01
-3.236533701419830322e-01
-3.248351216316223145e-01
-3.263160288333892822e-01
-3.277449011802673340e-01
-3.289133012294769287e-01
-3.302711248397827148e-01
-3.317407071590423584e-01
-3.328986167907714844e-01
-3.338134586811065674e-01
-3.344393968582153320e-01
-3.350814878940582275e-01
-3.361109495162963867e-01
-3.372944891452789307e-01
-3.383128046989440918e-01
-3.391563296318054199e-01
-3.398855626583099365e-01
-3.406245112419128418e-01
-3.411267697811126709e-01
-3.415441215038299561e-01
-3.417513966560363770e-01
-3.419890403747558594e-01
-3.421782851219177246e-01
-3.423163294792175293e-01
-3.424451947212219238e-01
-3.425547182559967041e-01
-3.427044749259948730e-01
-3.430591821670532227e-01
-3.437895178794860840e-01
-3.449337780475616455e-01
-3.470204174518585205e-01
-3.487220108509063721e-01
-3.500297963619232178e-01
-3.518049716949462891e-01
-3.544019758701324463e-01
-3.567743003368377686e-01
-3.584887981414794922e-01
-3.593632280826568604e-01
-3.610008060932159424e-01
-3.622797727584838867e-01
-3.635208606719970703e-01
-3.643200397491455078e-01
-3.649709224700927734e-01
-3.655843734741210938e-01
-3.662794232368469238e-01
-3.668683767318725586e-01
-3.676520884037017822e-01
-3.692137300968170166e-01
-3.711795508861541748e-01
-3.728819489479064941e-01
-3.742776513099670410e-01
-3.749506473541259766e-01
-3.761611282825469971e-01
-3.765502870082855225e-01
-3.769123852252960205e-01
-3.772956430912017822e-01
-3.776430189609527588e-01
-3.781045675277709961e-01
-3.786149024963378906e-01
-3.791306316852569580e-01
-3.795582056045532227e-01
-3.800804018974304199e-01
-3.803113400936126709e-01
-3.806171119213104248e-01
-3.809317946434020996e-01
-3.812607228755950928e-01
-3.815580606460571289e-01
-3.819081485271453857e-01
-3.823681473731994629e-01
-3.829408884048461914e-01
-3.834169507026672363e-01
-3.842524588108062744e-01
-3.857656419277191162e-01
-3.877672851085662842e-01
-3.902356028556823730e-01
-3.933480978012084961e-01
-3.941608667373657227e-01
-3.950564861297607422e-01
-3.984403610229492188e-01
-4.000471532344818115e-01
-4.017746746540069580e-01
-4.030662775039672852e-01
-4.041076302528381348e-01
-4.049685299396514893e-01
-4.059528708457946777e-01
-4.070676565170288086e-01
-4.083341360092163086e-01
-4.092800617218017578e-01
-4.101947844028472900e-01
-4.106574356555938721e-01
-4.109170138835906982e-01
-4.113350510597229004e-01
-4.122017621994018555e-01
-4.128080308437347412e-01
-4.134685993194580078e-01
-4.139581024646759033e-01
-4.144950509071350098e-01
-4.149744808673858643e-01
-4.155350625514984131e-01
-4.161497354507446289e-01
-4.172214269638061523e-01
-4.179951846599578857e-01
-4.189371466636657715e-01
-4.210155606269836426e-01
-4.216558337211608887e-01
-4.223524630069732666e-01
-4.229378998279571533e-01
-4.233751595020294189e-01
-4.237451553344726562e-01
-4.241690039634704590e-01
-4.249911010265350342e-01
-4.257107675075531006e-01
-4.263150393962860107e-01
-4.268775880336761475e-01
-4.278351664543151855e-01
-4.288652837276458740e-01
-4.300571978092193604e-01
-4.308263957500457764e-01
-4.317579865455627441e-01
-4.317276477813720703e-01
-4.321365952491760254e-01
-4.325918257236480713e-01
-4.331766068935394287e-01
-4.341211318969726562e-01
-4.353432655334472656e-01
-4.367228746414184570e-01
-4.367330670356750488e-01
-4.373341798782348633e-01
-4.382550418376922607e-01
-4.399673044681549072e-01
-4.417384564876556396e-01
-4.436815679073333740e-01
-4.452221393585205078e-01
-4.473748505115509033e-01
-4.494534432888031006e-01
-4.514958858489990234e-01
-4.544777870178222656e-01
-4.572814106941223145e-01
-4.578737616539001465e-01
-4.594168066978454590e-01
-4.612908065319061279e-01
-4.644233882427215576e-01
-4.684494137763977051e-01
-4.717102646827697754e-01
-4.719414412975311279e-01
-4.733418226242065430e-01
-4.766389727592468262e-01
-4.785722792148590088e-01
-4.798685312271118164e-01
-4.810167849063873291e-01
-4.816991090774536133e-01
-4.819723367691040039e-01
-4.822021722793579102e-01
-4.825419783592224121e-01
-4.828447103500366211e-01
-4.831566512584686279e-01
-4.835169017314910889e-01
-4.839634299278259277e-01
-4.844844043254852295e-01
-4.850324392318725586e-01
-4.855079650878906250e-01
-4.860027730464935303e-01
-4.863722920417785645e-01
-4.868519604206085205e-01
-4.875364005565643311e-01
-4.882362186908721924e-01
-4.887585937976837158e-01
-4.892646074295043945e-01
-4.896075725555419922e-01
-4.900300204753875732e-01
-4.908932447433471680e-01
-4.918018877506256104e-01
-4.928511381149291992e-01
-4.938815534114837646e-01
-4.946762323379516602e-01
-4.954524338245391846e-01
-4.960148930549621582e-01
-4.967050254344940186e-01
-4.974382221698760986e-01
-4.984213709831237793e-01
-4.994468390941619873e-01
-5.003964900970458984e-01
-5.019004940986633301e-01
-5.030437707901000977e-01
-5.040122270584106445e-01
-5.047973394393920898e-01
-5.050971508026123047e-01
-5.052506327629089355e-01
-5.054287910461425781e-01
-5.055904984474182129e-01
-5.057268142700195312e-01
-5.058511495590209961e-01
-5.059715509414672852e-01
-5.061209201812744141e-01
-5.062900185585021973e-01
-5.064424872398376465e-01
-5.066293478012084961e-01
-5.067912936210632324e-01
-5.069077610969543457e-01
-5.069963335990905762e-01
-5.070623159408569336e-01
-5.071319937705993652e-01
-5.072418451309204102e-01
-5.074795484542846680e-01
-5.080179572105407715e-01
-5.087200999259948730e-01
-5.096073746681213379e-01
-5.108656883239746094e-01
-5.115248560905456543e-01
-5.118804574012756348e-01
-5.138853788375854492e-01
-5.145037174224853516e-01
-5.155556201934814453e-01
-5.165298581123352051e-01
-5.171227455139160156e-01
-5.178074836730957031e-01
-5.180687904357910156e-01
-5.182289481163024902e-01
-5.183557271957397461e-01
-5.184680223464965820e-01
-5.186231136322021484e-01
-5.188413858413696289e-01
-5.191285610198974609e-01
-5.195034146308898926e-01
-5.198792815208435059e-01
-5.204923152923583984e-01
-5.214111208915710449e-01
-5.223855376243591309e-01
-5.232385396957397461e-01
-5.240315794944763184e-01
-5.248511433601379395e-01
-5.257264375686645508e-01
-5.266327261924743652e-01
-5.273467302322387695e-01
-5.278707742691040039e-01
-5.283804535865783691e-01
-5.290068984031677246e-01
-5.295640826225280762e-01
-5.301979184150695801e-01
-5.310159921646118164e-01
-5.319476127624511719e-01
-5.323343873023986816e-01
-5.332230925559997559e-01
-5.335626006126403809e-01
-5.339496135711669922e-01
-5.344538688659667969e-01
-5.347689390182495117e-01
-5.351676344871520996e-01
-5.356230735778808594e-01
-5.360413193702697754e-01
-5.363218188285827637e-01
-5.365059375762939453e-01
-5.366702675819396973e-01
-5.367415547370910645e-01
-5.368998050689697266e-01
-5.369937419891357422e-01
-5.370771884918212891e-01
-5.371833443641662598e-01
-5.373270511627197266e-01
-5.374977588653564453e-01
-5.376327037811279297e-01
-5.378025174140930176e-01
-5.379405021667480469e-01
-5.381366610527038574e-01
-5.383093357086181641e-01
-5.385289788246154785e-01
-5.386986136436462402e-01
-5.389043092727661133e-01
-5.391202569007873535e-01
-5.394487380981445312e-01
-5.398176908493041992e-01
-5.402978062629699707e-01
-5.410891175270080566e-01
-5.417588949203491211e-01
-5.424166917800903320e-01
-5.427788496017456055e-01
-5.429464578628540039e-01
-5.430434346199035645e-01
-5.431067943572998047e-01
-5.431556105613708496e-01
-5.431967973709106445e-01
-5.432416200637817383e-01
-5.432981848716735840e-01
-5.433792471885681152e-01
-5.434798002243041992e-01
-5.436539649963378906e-01
-5.438867807388305664e-01
-5.443015694618225098e-01
-5.447489619255065918e-01
-5.452001690864562988e-01
-5.454210638999938965e-01
-5.455446839332580566e-01
-5.456536412239074707e-01
-5.457393527030944824e-01
-5.458095669746398926e-01
-5.459286570549011230e-01
-5.461337566375732422e-01
-5.463793873786926270e-01
-5.466362237930297852e-01
-5.468763113021850586e-01
-5.470935106277465820e-01
-5.472723841667175293e-01
-5.474100708961486816e-01
-5.475188493728637695e-01
-5.476299524307250977e-01
-5.477430820465087891e-01
-5.479170680046081543e-01
-5.482849478721618652e-01
-5.488425493240356445e-01
-5.494161248207092285e-01
-5.500248670578002930e-01
-5.504940748214721680e-01
-5.509198904037475586e-01
-5.511320233345031738e-01
-5.512728095054626465e-01
-5.513947010040283203e-01
-5.514518022537231445e-01
-5.515263080596923828e-01
-5.516285896301269531e-01
-5.517663359642028809e-01
-5.519043207168579102e-01
-5.520552396774291992e-01
-5.521869063377380371e-01
-5.523793101310729980e-01
-5.525355935096740723e-01
-5.526943206787109375e-01
-5.528687238693237305e-01
-5.530815124511718750e-01
-5.533363223075866699e-01
-5.536086559295654297e-01
-5.538963079452514648e-01
-5.541641116142272949e-01
-5.544701218605041504e-01
-5.547481179237365723e-01
-5.549759864807128906e-01
-5.551381111145019531e-01
-5.553010702133178711e-01
-5.555104613304138184e-01
-5.557234883308410645e-01
-5.560715794563293457e-01
-5.565220713615417480e-01
-5.569666624069213867e-01
-5.573747754096984863e-01
-5.577036738395690918e-01
-5.581021308898925781e-01
-5.584843158721923828e-01
-5.589403510093688965e-01
-5.592560768127441406e-01
-5.594431161880493164e-01
-5.596673488616943359e-01
-5.598904490470886230e-01
-5.601334571838378906e-01
-5.604038834571838379e-01
-5.606822967529296875e-01
-5.610603094100952148e-01
-5.613368749618530273e-01
-5.616384148597717285e-01
-5.618451237678527832e-01
-5.619550347328186035e-01
-5.621030330657958984e-01
-5.622293353080749512e-01
-5.623182654380798340e-01
-5.623781085014343262e-01
-5.624258518218994141e-01
-5.625073909759521484e-01
-5.626190900802612305e-01
-5.627525448799133301e-01
-5.628888010978698730e-01
-5.630196332931518555e-01
-5.632041096687316895e-01
-5.633924007415771484e-01
-5.635632276535034180e-01
-5.637018084526062012e-01
-5.638235211372375488e-01
-5.639049410820007324e-01
-5.640354156494140625e-01
-5.641406774520874023e-01
-5.642416477203369141e-01
-5.643653273582458496e-01
-5.644937157630920410e-01
-5.646419525146484375e-01
-5.647401213645935059e-01
-5.648565292358398438e-01
-5.649511218070983887e-01
-5.650583505630493164e-01
-5.651363134384155273e-01
-5.651969909667968750e-01
-5.652470588684082031e-01
-5.652954578399658203e-01
-5.653351545333862305e-01
-5.653767585754394531e-01
-5.654104948043823242e-01
-5.654395222663879395e-01
-5.654737353324890137e-01
-5.655179023742675781e-01
-5.655751228332519531e-01
-5.656535625457763672e-01
-5.657257437705993652e-01
-5.658345818519592285e-01
-5.659869909286499023e-01
-5.661420226097106934e-01
-5.662905573844909668e-01
-5.664417743682861328e-01
-5.666229724884033203e-01
-5.668160915374755859e-01
-5.670769214630126953e-01
-5.673611760139465332e-01
-5.677749514579772949e-01
-5.681698322296142578e-01
-5.687099099159240723e-01
-5.690373182296752930e-01
-5.695738792419433594e-01
-5.698633193969726562e-01
-5.700356960296630859e-01
-5.703010559082031250e-01
-5.707698464393615723e-01
-5.712426900863647461e-01
-5.714285373687744141e-01
-5.716153979301452637e-01
-5.717755556106567383e-01
-5.719667673110961914e-01
-5.721401572227478027e-01
-5.722491741180419922e-01
-5.723451972007751465e-01
-5.724986791610717773e-01
-5.726605653762817383e-01
-5.728223919868469238e-01
-5.729498267173767090e-01
-5.730401277542114258e-01
-5.731083154678344727e-01
-5.731553435325622559e-01
-5.731929540634155273e-01
-5.732353925704956055e-01
-5.732827186584472656e-01
-5.733472108840942383e-01
-5.734622478485107422e-01
-5.736602544784545898e-01
-5.739642381668090820e-01
-5.743504166603088379e-01
-5.749873518943786621e-01
-5.755176544189453125e-01
-5.749297738075256348e-01
-5.759315490722656250e-01
-5.763076543807983398e-01
-5.765872597694396973e-01
-5.768312811851501465e-01
-5.769977569580078125e-01
-5.771779417991638184e-01
-5.773370862007141113e-01
-5.775153040885925293e-01
-5.777488946914672852e-01
-5.779692530632019043e-01
-5.781791806221008301e-01
-5.784118771553039551e-01
-5.785745978355407715e-01
-5.786629319190979004e-01
-5.787676572799682617e-01
-5.788366198539733887e-01
-5.788873434066772461e-01
-5.789119601249694824e-01
-5.789411067962646484e-01
-5.789666175842285156e-01
-5.789881944656372070e-01
-5.790113806724548340e-01
-5.790412425994873047e-01
-5.790821909904479980e-01
-5.791178345680236816e-01
-5.791730880737304688e-01
-5.792490243911743164e-01
-5.793143510818481445e-01
-5.793810486793518066e-01
-5.794603824615478516e-01
-5.795605182647705078e-01
-5.796983242034912109e-01
-5.799505710601806641e-01
-5.802358388900756836e-01
-5.804784297943115234e-01
-5.807327628135681152e-01
-5.809469223022460938e-01
-5.811513662338256836e-01
-5.812976956367492676e-01
-5.814103484153747559e-01
-5.815452337265014648e-01
-5.817872285842895508e-01
-5.820245742797851562e-01
-5.822661519050598145e-01
-5.824782252311706543e-01
-5.827178359031677246e-01
-5.830786228179931641e-01
-5.833120942115783691e-01
-5.834783315658569336e-01
-5.836669802665710449e-01
-5.837989449501037598e-01
-5.839797854423522949e-01
-5.841429233551025391e-01
-5.842767953872680664e-01
-5.844136476516723633e-01
-5.846105217933654785e-01
-5.848442912101745605e-01
-5.850621461868286133e-01
-5.852221846580505371e-01
-5.853412151336669922e-01
-5.854570269584655762e-01
-5.855566859245300293e-01
-5.856375098228454590e-01
-5.857154726982116699e-01
-5.857968926429748535e-01
-5.859123468399047852e-01
-5.860362052917480469e-01
-5.861746072769165039e-01
-5.862877368927001953e-01
-5.864077210426330566e-01
-5.865179896354675293e-01
-5.865893363952636719e-01
-5.866573452949523926e-01
-5.867322683334350586e-01
-5.868220925331115723e-01
-5.869151949882507324e-01
-5.870095491409301758e-01
-5.871388316154479980e-01
-5.872786641120910645e-01
-5.874562263488769531e-01
-5.875925421714782715e-01
-5.877326726913452148e-01
-5.879570841789245605e-01
-5.880675315856933594e-01
-5.881742835044860840e-01
-5.882610678672790527e-01
-5.883827209472656250e-01
-5.885116457939147949e-01
-5.886142849922180176e-01
-5.887253880500793457e-01
-5.888081789016723633e-01
-5.889365673065185547e-01
-5.890833735466003418e-01
-5.892386436462402344e-01
-5.894249081611633301e-01
-5.895853042602539062e-01
-5.897470712661743164e-01
-5.899235010147094727e-01
-5.900946855545043945e-01
-5.902823209762573242e-01
-5.905159711837768555e-01
-5.907843112945556641e-01
-5.910304188728332520e-01
-5.912148952484130859e-01
-5.913687944412231445e-01
-5.915408134460449219e-01
-5.916945934295654297e-01
-5.919251441955566406e-01
-5.922421216964721680e-01
-5.926352739334106445e-01
-5.930978655815124512e-01
-5.934270024299621582e-01
-5.937449932098388672e-01
-5.940211415290832520e-01
-5.943499207496643066e-01
-5.947517156600952148e-01
-5.950071811676025391e-01
-5.952942967414855957e-01
-5.954788923263549805e-01
-5.956410169601440430e-01
-5.959751605987548828e-01
-5.963555574417114258e-01
-5.966383814811706543e-01
-5.968219041824340820e-01
-5.970198512077331543e-01
-5.971749424934387207e-01
-5.973557233810424805e-01
-5.975217223167419434e-01
-5.975846052169799805e-01
-5.976696610450744629e-01
-5.977429747581481934e-01
-5.977990627288818359e-01
-5.978389978408813477e-01
-5.978682041168212891e-01
-5.978998541831970215e-01
-5.979318022727966309e-01
-5.979630351066589355e-01
-5.979998707771301270e-01
-5.980694890022277832e-01
-5.981650352478027344e-01
-5.982940196990966797e-01
-5.984228253364562988e-01
-5.985670685768127441e-01
-5.986745357513427734e-01
-5.987882614135742188e-01
-5.988694429397583008e-01
-5.989434719085693359e-01
-5.990200042724609375e-01
-5.991451144218444824e-01
-5.993117690086364746e-01
-5.994897484779357910e-01
-5.996968150138854980e-01
-5.998672842979431152e-01
-6.001172065734863281e-01
-6.003460884094238281e-01
-6.005496978759765625e-01
-6.008383035659790039e-01
-6.010640263557434082e-01
-6.008167862892150879e-01
-6.012754440307617188e-01
-6.015539765357971191e-01
-6.018664240837097168e-01
-6.021354794502258301e-01
-6.023837327957153320e-01
-6.026291847229003906e-01
-6.028938293457031250e-01
-6.030462980270385742e-01
-6.032541990280151367e-01
-6.035234928131103516e-01
-6.037599444389343262e-01
-6.040132045745849609e-01
-6.042733192443847656e-01
-6.045017838478088379e-01
-6.047913432121276855e-01
-6.050020456314086914e-01
-6.051825881004333496e-01
-6.054698824882507324e-01
-6.057027578353881836e-01
-6.059019565582275391e-01
-6.061635613441467285e-01
-6.064512729644775391e-01
-6.066847443580627441e-01
-6.068982481956481934e-01
-6.070644855499267578e-01
-6.072192788124084473e-01
-6.073241233825683594e-01
-6.074292063713073730e-01
-6.076106429100036621e-01
-6.078826785087585449e-01
-6.081493496894836426e-01
-6.083951592445373535e-01
-6.086362004280090332e-01
-6.089090108871459961e-01
-6.092160940170288086e-01
-6.094199419021606445e-01
-6.096132397651672363e-01
-6.097685694694519043e-01
-6.099081635475158691e-01
-6.100593209266662598e-01
-6.102160215377807617e-01
-6.103852987289428711e-01
-6.105926632881164551e-01
-6.109061837196350098e-01
-6.112061142921447754e-01
-6.114945411682128906e-01
-6.117186546325683594e-01
-6.119185686111450195e-01
-6.121459007263183594e-01
-6.123553514480590820e-01
-6.125666499137878418e-01
-6.128654479980468750e-01
-6.131343841552734375e-01
-6.133443713188171387e-01
-6.135904192924499512e-01
-6.139080524444580078e-01
-6.142554283142089844e-01
-6.146315336227416992e-01
-6.149060726165771484e-01
-6.151266694068908691e-01
-6.152928471565246582e-01
-6.153954863548278809e-01
-6.155348420143127441e-01
-6.156849265098571777e-01
-6.159126162528991699e-01
-6.161702871322631836e-01
-6.164554357528686523e-01
-6.166927218437194824e-01
-6.169319748878479004e-01
-6.172145009040832520e-01
-6.175383925437927246e-01
-6.180076599121093750e-01
-6.187196373939514160e-01
-6.193347573280334473e-01
-6.200552582740783691e-01
-6.214599609375000000e-01
-6.227645277976989746e-01
-6.237025856971740723e-01
-6.246419548988342285e-01
-6.251782178878784180e-01
-6.258471012115478516e-01
-6.263338327407836914e-01
-6.265653967857360840e-01
-6.268010735511779785e-01
-6.270053982734680176e-01
-6.272649168968200684e-01
-6.274989247322082520e-01
-6.276788115501403809e-01
-6.278715729713439941e-01
-6.280094981193542480e-01
-6.281768083572387695e-01
-6.282783746719360352e-01
-6.284173130989074707e-01
-6.285375952720642090e-01
-6.286429166793823242e-01
-6.288123130798339844e-01
-6.290783286094665527e-01
-6.294573545455932617e-01
-6.297716498374938965e-01
-6.299526095390319824e-01
-6.302534937858581543e-01
-6.304915547370910645e-01
-6.307495236396789551e-01
-6.309859752655029297e-01
-6.311584115028381348e-01
-6.313111186027526855e-01
-6.314552426338195801e-01
-6.317490935325622559e-01
-6.320130825042724609e-01
-6.322356462478637695e-01
-6.324183940887451172e-01
-6.325839757919311523e-01
-6.327955126762390137e-01
-6.329846978187561035e-01
-6.331927776336669922e-01
-6.333912014961242676e-01
-6.335499286651611328e-01
-6.336418986320495605e-01
-6.337118744850158691e-01
-6.337761282920837402e-01
-6.338528394699096680e-01
-6.339403986930847168e-01
-6.340187788009643555e-01
-6.341059207916259766e-01
-6.342011690139770508e-01
-6.343061923980712891e-01
-6.344273090362548828e-01
-6.345662474632263184e-01
-6.347393989562988281e-01
-6.349300742149353027e-01
-6.351887583732604980e-01
-6.354555487632751465e-01
-6.357803344726562500e-01
-6.359748840332031250e-01
-6.362056136131286621e-01
-6.362561583518981934e-01
-6.363273859024047852e-01
-6.363958120346069336e-01
-6.364454627037048340e-01
-6.365013122558593750e-01
-6.365831494331359863e-01
-6.366549134254455566e-01
-6.367100477218627930e-01
-6.367555260658264160e-01
-6.367971301078796387e-01
-6.368334293365478516e-01
-6.368696093559265137e-01
-6.369113326072692871e-01
-6.369627714157104492e-01
-6.370387077331542969e-01
-6.371734142303466797e-01
-6.373136639595031738e-01
-6.374907493591308594e-01
-6.376630663871765137e-01
-6.378994584083557129e-01
-6.381456851959228516e-01
-6.384827494621276855e-01
-6.389644742012023926e-01
-6.395564079284667969e-01
-6.404649019241333008e-01
-6.412407755851745605e-01
-6.419475674629211426e-01
-6.423300504684448242e-01
-6.428444385528564453e-01
-6.432434320449829102e-01
-6.436234712600708008e-01
-6.438986659049987793e-01
-6.441539525985717773e-01
-6.444566845893859863e-01
-6.447218656539916992e-01
-6.450088620185852051e-01
-6.452937126159667969e-01
-6.456010341644287109e-01
-6.458985805511474609e-01
-6.461575627326965332e-01
-6.463800072669982910e-01
-6.467213630676269531e-01
-6.470392346382141113e-01
-6.474604606628417969e-01
-6.478834152221679688e-01
-6.481556296348571777e-01
-6.484650373458862305e-01
-6.487772464752197266e-01
-6.491738557815551758e-01
-6.495220065116882324e-01
-6.497852206230163574e-01
-6.499541997909545898e-01
-6.501227617263793945e-01
-6.502556800842285156e-01
-6.504244208335876465e-01
-6.505686044692993164e-01
-6.507158279418945312e-01
-6.508886814117431641e-01
-6.510704159736633301e-01
-6.512222886085510254e-01
-6.514350175857543945e-01
-6.516890525817871094e-01
-6.519150733947753906e-01
-6.521408557891845703e-01
-6.523289084434509277e-01
-6.525173783302307129e-01
-6.526143550872802734e-01
-6.527347564697265625e-01
-6.528490185737609863e-01
-6.529604792594909668e-01
-6.530513167381286621e-01
-6.531859040260314941e-01
-6.533729434013366699e-01
-6.535893082618713379e-01
-6.537621021270751953e-01
-6.539052724838256836e-01
-6.540755033493041992e-01
-6.542802453041076660e-01
-6.544762849807739258e-01
-6.546873450279235840e-01
-6.548498272895812988e-01
-6.549922823905944824e-01
-6.551870107650756836e-01
-6.554399132728576660e-01
-6.557359695434570312e-01
-6.558609604835510254e-01
-6.559510827064514160e-01
-6.561823487281799316e-01
-6.564966440200805664e-01
-6.567531228065490723e-01
-6.569183468818664551e-01
-6.570720672607421875e-01
-6.572005748748779297e-01
-6.573851108551025391e-01
-6.576724052429199219e-01
-6.579575538635253906e-01
-6.582030653953552246e-01
-6.583623290061950684e-01
-6.585767865180969238e-01
-6.587262749671936035e-01
-6.588951349258422852e-01
-6.590139865875244141e-01
-6.591095924377441406e-01
-6.592038869857788086e-01
-6.593309044837951660e-01
-6.594677567481994629e-01
-6.595683693885803223e-01
-6.596993207931518555e-01
-6.598341464996337891e-01
-6.600025892257690430e-01
-6.602196097373962402e-01
-6.604422330856323242e-01
-6.607425808906555176e-01
-6.609389781951904297e-01
-6.612891554832458496e-01
-6.616210341453552246e-01
-6.619654893875122070e-01
-6.621680259704589844e-01
-6.624196767807006836e-01
-6.626583933830261230e-01
-6.628890633583068848e-01
-6.631340384483337402e-01
-6.633090972900390625e-01
-6.634708642959594727e-01
-6.636682748794555664e-01
-6.638490557670593262e-01
-6.642240881919860840e-01
-6.645953655242919922e-01
-6.648793220520019531e-01
-6.650674939155578613e-01
-6.652404665946960449e-01
-6.656033992767333984e-01
-6.659409999847412109e-01
-6.661991477012634277e-01
-6.663421988487243652e-01
-6.664186120033264160e-01
-6.664676070213317871e-01
-6.664997339248657227e-01
-6.665294170379638672e-01
-6.665599346160888672e-01
-6.666235327720642090e-01
-6.667269468307495117e-01
-6.668303608894348145e-01
-6.669451594352722168e-01
-6.670883893966674805e-01
-6.672289371490478516e-01
-6.673262119293212891e-01
-6.674259305000305176e-01
-6.675229072570800781e-01
-6.676320433616638184e-01
-6.677293777465820312e-01
-6.678191423416137695e-01
-6.678988933563232422e-01
-6.679954528808593750e-01
-6.681320667266845703e-01
-6.683498024940490723e-01
-6.685909032821655273e-01
-6.688140034675598145e-01
-6.689692735671997070e-01
-6.691199541091918945e-01
-6.692304611206054688e-01
-6.693206429481506348e-01
-6.693985462188720703e-01
-6.694511175155639648e-01
-6.695217490196228027e-01
-6.695919036865234375e-01
-6.696581244468688965e-01
-6.697059869766235352e-01
-6.697705984115600586e-01
-6.698674559593200684e-01
-6.699756383895874023e-01
-6.701044440269470215e-01
-6.702323555946350098e-01
-6.703893542289733887e-01
-6.705406904220581055e-01
-6.707119941711425781e-01
-6.709367632865905762e-01
-6.711301803588867188e-01
-6.712659597396850586e-01
-6.714507937431335449e-01
-6.715793013572692871e-01
-6.718090176582336426e-01
-6.720002293586730957e-01
-6.722531318664550781e-01
-6.724733114242553711e-01
-6.725832819938659668e-01
-6.727229952812194824e-01
-6.728262901306152344e-01
-6.729459166526794434e-01
-6.731585264205932617e-01
-6.733634471893310547e-01
-6.735244989395141602e-01
-6.736268997192382812e-01
-6.737388372421264648e-01
-6.738100051879882812e-01
-6.739144921302795410e-01
-6.740966439247131348e-01
-6.743697524070739746e-01
-6.747822165489196777e-01
-6.750444173812866211e-01
-6.752480864524841309e-01
-6.755031347274780273e-01
-6.757204532623291016e-01
-6.759678721427917480e-01
-6.763113141059875488e-01
-6.769241690635681152e-01
-6.774114370346069336e-01
-6.778594851493835449e-01
-6.781263947486877441e-01
-6.785348057746887207e-01
-6.788585782051086426e-01
-6.787625551223754883e-01
-6.792467236518859863e-01
-6.796302795410156250e-01
-6.799486875534057617e-01
-6.803647875785827637e-01
-6.803192496299743652e-01
-6.806136369705200195e-01
-6.809539794921875000e-01
-6.811857223510742188e-01
-6.813808083534240723e-01
-6.815805435180664062e-01
-6.818531155586242676e-01
-6.819880008697509766e-01
-6.820982098579406738e-01
-6.821879744529724121e-01
-6.822819709777832031e-01
-6.823657751083374023e-01
-6.824622750282287598e-01
-6.825695037841796875e-01
-6.826475858688354492e-01
-6.827490925788879395e-01
-6.828526258468627930e-01
-6.829572916030883789e-01
-6.830286383628845215e-01
-6.831182241439819336e-01
-6.831802725791931152e-01
-6.832309961318969727e-01
-6.832753419876098633e-01
-6.833053827285766602e-01
-6.833351254463195801e-01
-6.833757758140563965e-01
-6.834303140640258789e-01
-6.835078597068786621e-01
-6.835871338844299316e-01
-6.836819648742675781e-01
-6.837853193283081055e-01
-6.839079856872558594e-01
-6.839812397956848145e-01
-6.840462088584899902e-01
-6.841099858283996582e-01
-6.841621398925781250e-01
-6.842134594917297363e-01
-6.842698454856872559e-01
-6.843174695968627930e-01
-6.843635439872741699e-01
-6.844128966331481934e-01
-6.844694018363952637e-01
-6.845214962959289551e-01
-6.845786571502685547e-01
-6.846490502357482910e-01
-6.847433447837829590e-01
-6.848258376121520996e-01
-6.849336624145507812e-01
-6.850331425666809082e-01
-6.851592063903808594e-01
-6.852775216102600098e-01
-6.854270100593566895e-01
-6.855985522270202637e-01
-6.858251690864562988e-01
-6.859919428825378418e-01
-6.861263513565063477e-01
-6.861991286277770996e-01
-6.862489581108093262e-01
-6.862833499908447266e-01
-6.863132119178771973e-01
-6.863384842872619629e-01
-6.863602399826049805e-01
-6.863838434219360352e-01
-6.864055395126342773e-01
-6.864273548126220703e-01
-6.864501237869262695e-01
-6.864821314811706543e-01
-6.865102648735046387e-01
-6.865509748458862305e-01
-6.865999102592468262e-01
-6.866599917411804199e-01
-6.867399811744689941e-01
-6.868376135826110840e-01
-6.869699358940124512e-01
-6.870904564857482910e-01
-6.872049570083618164e-01
-6.872850060462951660e-01
-6.873884201049804688e-01
-6.874963641166687012e-01
-6.876261830329895020e-01
-6.877584457397460938e-01
-6.879632472991943359e-01
-6.880999803543090820e-01
-6.881645917892456055e-01
-6.882066130638122559e-01
-6.882414221763610840e-01
-6.882557868957519531e-01
-6.882781982421875000e-01
-6.883028149604797363e-01
-6.883304119110107422e-01
-6.883706450462341309e-01
-6.884391307830810547e-01
-6.885449290275573730e-01
-6.886599063873291016e-01
-6.887483596801757812e-01
-6.888417601585388184e-01
-6.889316439628601074e-01
-6.890119314193725586e-01
-6.890762448310852051e-01
-6.891417503356933594e-01
-6.892304420471191406e-01
-6.893674731254577637e-01
-6.895641684532165527e-01
-6.897870898246765137e-01
-6.900889873504638672e-01
-6.904435753822326660e-01
-6.908641457557678223e-01
-6.912747025489807129e-01
-6.915848255157470703e-01
-6.919978857040405273e-01
-6.923001408576965332e-01
-6.926479339599609375e-01
-6.930826902389526367e-01
-6.934971213340759277e-01
-6.938650012016296387e-01
-6.941739916801452637e-01
-6.944115161895751953e-01
-6.945964097976684570e-01
-6.946967244148254395e-01
-6.948005557060241699e-01
-6.948783993721008301e-01
-6.949327588081359863e-01
-6.950121521949768066e-01
-6.951003670692443848e-01
-6.952188611030578613e-01
-6.953607797622680664e-01
-6.954911947250366211e-01
-6.956633925437927246e-01
-6.957919597625732422e-01
-6.959510445594787598e-01
-6.961104869842529297e-01
-6.962947249412536621e-01
-6.965661048889160156e-01
-6.969464421272277832e-01
-6.973532438278198242e-01
-6.977818012237548828e-01
-6.981385946273803711e-01
-6.984478831291198730e-01
-6.987752914428710938e-01
-6.990357041358947754e-01
-6.992393732070922852e-01
-6.994192600250244141e-01
-6.995491385459899902e-01
-6.996355652809143066e-01
-6.997503042221069336e-01
-6.998841762542724609e-01
-7.000156044960021973e-01
-7.001233696937561035e-01
-7.002183198928833008e-01
-7.003441452980041504e-01
-7.004876732826232910e-01
-7.005885839462280273e-01
-7.006484270095825195e-01
-7.006844282150268555e-01
-7.007256746292114258e-01
-7.007662653923034668e-01
-7.008025646209716797e-01
-7.008569240570068359e-01
-7.009578347206115723e-01
-7.011002898216247559e-01
-7.012958526611328125e-01
-7.015202045440673828e-01
-7.018065452575683594e-01
-7.021243572235107422e-01
-7.024646401405334473e-01
-7.026278972625732422e-01
-7.026995420455932617e-01
-7.028949856758117676e-01
-7.031867504119873047e-01
-7.034553885459899902e-01
-7.038663029670715332e-01
-7.041566371917724609e-01
-7.042721509933471680e-01
-7.045469880104064941e-01
-7.046501040458679199e-01
-7.047583460807800293e-01
-7.048445940017700195e-01
-7.048873901367187500e-01
-7.049458026885986328e-01
-7.050094604492187500e-01
-7.050974965095520020e-01
-7.051910758018493652e-01
-7.053126096725463867e-01
-7.054527401924133301e-01
-7.056286334991455078e-01
-7.057690620422363281e-01
-7.059993743896484375e-01
-7.061164379119873047e-01
-7.063344717025756836e-01
-7.064676284790039062e-01
-7.065811157226562500e-01
-7.066490054130554199e-01
-7.066845297813415527e-01
-7.067249417304992676e-01
-7.067489624023437500e-01
-7.067879438400268555e-01
-7.068207859992980957e-01
-7.068607211112976074e-01
-7.069048285484313965e-01
-7.069528102874755859e-01
-7.070006132125854492e-01
-7.070498466491699219e-01
-7.070991396903991699e-01
-7.071739435195922852e-01
-7.072550654411315918e-01
-7.073135972023010254e-01
-7.073978781700134277e-01
-7.074952125549316406e-01
-7.075745463371276855e-01
-7.076392173767089844e-01
-7.076898813247680664e-01
-7.077337503433227539e-01
-7.077682018280029297e-01
-7.077964544296264648e-01
-7.078319191932678223e-01
-7.078765034675598145e-01
-7.079407572746276855e-01
-7.080032229423522949e-01
-7.080725431442260742e-01
-7.081310749053955078e-01
-7.082008123397827148e-01
-7.082762718200683594e-01
-7.083920836448669434e-01
-7.085329294204711914e-01
-7.087076306343078613e-01
-7.089269757270812988e-01
-7.091681957244873047e-01
-7.095843553543090820e-01
-7.099819183349609375e-01
-7.102653980255126953e-01
-7.104383707046508789e-01
-7.105494737625122070e-01
-7.106060385704040527e-01
-7.107399106025695801e-01
-7.108166813850402832e-01
-7.108712196350097656e-01
-7.109154462814331055e-01
-7.109657526016235352e-01
-7.110250592231750488e-01
-7.110803723335266113e-01
-7.111463546752929688e-01
-7.112045884132385254e-01
-7.112682461738586426e-01
-7.113195657730102539e-01
-7.113664150238037109e-01
-7.114086747169494629e-01
-7.114490866661071777e-01
-7.114832401275634766e-01
-7.115205526351928711e-01
-7.115636467933654785e-01
-7.116404175758361816e-01
-7.116920948028564453e-01
-7.117740511894226074e-01
-7.118413448333740234e-01
-7.118958830833435059e-01
-7.119789719581604004e-01
-7.120395898818969727e-01
-7.120984196662902832e-01
-7.121776342391967773e-01
-7.122821211814880371e-01
-7.123883962631225586e-01
-7.125407457351684570e-01
-7.127349376678466797e-01
-7.127675414085388184e-01
-7.128552794456481934e-01
-7.130454778671264648e-01
-7.132242918014526367e-01
-7.133689522743225098e-01
-7.134501338005065918e-01
-7.135121822357177734e-01
-7.135628461837768555e-01
-7.136059403419494629e-01
-7.136569619178771973e-01
-7.137183547019958496e-01
-7.138416767120361328e-01
-7.139393091201782227e-01
-7.139967679977416992e-01
-7.140442132949829102e-01
-7.140915989875793457e-01
-7.141194343566894531e-01
-7.141670584678649902e-01
-7.142034173011779785e-01
-7.142267227172851562e-01
-7.142542600631713867e-01
-7.142682075500488281e-01
-7.142819762229919434e-01
-7.143124341964721680e-01
-7.143470048904418945e-01
-7.143977284431457520e-01
-7.144621610641479492e-01
-7.145352959632873535e-01
-7.146070599555969238e-01
-7.146780490875244141e-01
-7.147486805915832520e-01
-7.148146033287048340e-01
-7.148469090461730957e-01
-7.148663401603698730e-01
-7.148857116699218750e-01
-7.149065732955932617e-01
-7.149331569671630859e-01
-7.149769663810729980e-01
-7.150315046310424805e-01
-7.150778770446777344e-01
-7.151111960411071777e-01
-7.151547670364379883e-01
-7.151925563812255859e-01
-7.152311205863952637e-01
-7.152722477912902832e-01
-7.153010964393615723e-01
-7.153443098068237305e-01
-7.153960466384887695e-01
-7.154409885406494141e-01
-7.154814004898071289e-01
-7.155129909515380859e-01
-7.155398130416870117e-01
-7.155733108520507812e-01
-7.156221866607666016e-01
-7.156617641448974609e-01
-7.156841158866882324e-01
-7.157055139541625977e-01
-7.157349586486816406e-01
-7.157750129699707031e-01
-7.158100008964538574e-01
-7.158643603324890137e-01
-7.159057855606079102e-01
-7.159655690193176270e-01
-7.160161733627319336e-01
-7.160478234291076660e-01
-7.160770893096923828e-01
-7.160903811454772949e-01
-7.161151170730590820e-01
-7.161360383033752441e-01
-7.161560654640197754e-01
-7.161620855331420898e-01
-7.161732316017150879e-01
-7.161924839019775391e-01
-7.162044048309326172e-01
-7.162250280380249023e-01
-7.162488102912902832e-01
-7.162682414054870605e-01
-7.162981033325195312e-01
-7.163248658180236816e-01
-7.163541913032531738e-01
-7.163795232772827148e-01
-7.164078354835510254e-01
-7.164484262466430664e-01
-7.165086269378662109e-01
-7.165702581405639648e-01
-7.166491746902465820e-01
-7.166899442672729492e-01
-7.167629599571228027e-01
-7.168424725532531738e-01
-7.169135212898254395e-01
-7.170055508613586426e-01
-7.170767188072204590e-01
-7.172240614891052246e-01
-7.173746228218078613e-01
-7.175965905189514160e-01
-7.176892757415771484e-01
-7.177973389625549316e-01
-7.178285121917724609e-01
-7.179373502731323242e-01
-7.181151509284973145e-01
-7.183194160461425781e-01
-7.185302376747131348e-01
-7.187979221343994141e-01
-7.191079258918762207e-01
-7.191402912139892578e-01
-7.193126678466796875e-01
-7.195182442665100098e-01
-7.199221253395080566e-01
-7.203645110130310059e-01
-7.206668853759765625e-01
-7.209506034851074219e-01
-7.212308049201965332e-01
-7.217617034912109375e-01
-7.221630215644836426e-01
-7.223749160766601562e-01
-7.226552367210388184e-01
-7.229375243186950684e-01
-7.231329083442687988e-01
-7.232484817504882812e-01
-7.233461141586303711e-01
-7.234408259391784668e-01
-7.235775589942932129e-01
-7.236691713333129883e-01
-7.237316966056823730e-01
-7.237805724143981934e-01
-7.238394021987915039e-01
-7.238926887512207031e-01
-7.239397764205932617e-01
-7.239830493927001953e-01
-7.240298986434936523e-01
-7.240643501281738281e-01
-7.240996956825256348e-01
-7.241301536560058594e-01
-7.241615056991577148e-01
-7.241952419281005859e-01
-7.242236137390136719e-01
-7.242459654808044434e-01
-7.242756485939025879e-01
-7.243305444717407227e-01
-7.243980765342712402e-01
-7.244600653648376465e-01
-7.245447039604187012e-01
-7.246955633163452148e-01
-7.248400449752807617e-01
-7.249324917793273926e-01
-7.250956892967224121e-01
-7.252978682518005371e-01
-7.254495024681091309e-01
-7.255477905273437500e-01
-7.257010936737060547e-01
-7.257990241050720215e-01
-7.258785367012023926e-01
-7.259489297866821289e-01
-7.260337471961975098e-01
-7.261303663253784180e-01
-7.262190580368041992e-01
-7.263129353523254395e-01
-7.263515591621398926e-01
-7.264139056205749512e-01
-7.264963388442993164e-01
-7.265806794166564941e-01
-7.266730070114135742e-01
-7.267516255378723145e-01
-7.268624305725097656e-01
-7.269491553306579590e-01
-7.271107435226440430e-01
-7.272548079490661621e-01
-7.273522615432739258e-01
-7.274669408798217773e-01
-7.276043891906738281e-01
-7.277408242225646973e-01
-7.279680967330932617e-01
-7.281606197357177734e-01
-7.282668352127075195e-01
-7.283501029014587402e-01
-7.285009622573852539e-01
-7.286860346794128418e-01
-7.288370132446289062e-01
-7.289949655532836914e-01
-7.290859818458557129e-01
-7.291734814643859863e-01
-7.292575836181640625e-01
-7.293395400047302246e-01
-7.294430732727050781e-01
-7.294981479644775391e-01
-7.295522689819335938e-01
-7.296254634857177734e-01
-7.296913862228393555e-01
-7.297697663307189941e-01
-7.298585772514343262e-01
-7.299413681030273438e-01
-7.300228476524353027e-01
-7.300848960876464844e-01
-7.301368713378906250e-01
-7.301840186119079590e-01
-7.302280068397521973e-01
-7.302713394165039062e-01
-7.303074002265930176e-01
-7.303323149681091309e-01
-7.303563952445983887e-01
-7.303912043571472168e-01
-7.304090261459350586e-01
-7.304269075393676758e-01
-7.304499745368957520e-01
-7.304729819297790527e-01
-7.304953336715698242e-01
-7.305185794830322266e-01
-7.305366992950439453e-01
-7.305577397346496582e-01
-7.305758595466613770e-01
-7.305960655212402344e-01
-7.306249737739562988e-01
-7.306550741195678711e-01
-7.306926250457763672e-01
-7.307479381561279297e-01
-7.308276891708374023e-01
-7.309100031852722168e-01
-7.309863567352294922e-01
-7.310443520545959473e-01
-7.311093211174011230e-01
-7.311683297157287598e-01
-7.312374114990234375e-01
-7.312894463539123535e-01
-7.313452363014221191e-01
-7.314097881317138672e-01
-7.314848899841308594e-01
-7.315469384193420410e-01
-7.315817475318908691e-01
-7.316396236419677734e-01
-7.317187786102294922e-01
-7.317865490913391113e-01
-7.318643331527709961e-01
-7.319737076759338379e-01
-7.321056127548217773e-01
-7.322247624397277832e-01
-7.323234677314758301e-01
-7.324144840240478516e-01
-7.325031161308288574e-01
-7.325629591941833496e-01
-7.325928807258605957e-01
-7.326174974441528320e-01
-7.326452136039733887e-01
-7.326614856719970703e-01
-7.326770424842834473e-01
-7.326951026916503906e-01
-7.327244281768798828e-01
-7.327576279640197754e-01
-7.327978014945983887e-01
-7.328404188156127930e-01
-7.328788042068481445e-01
-7.329053282737731934e-01
-7.329254150390625000e-01
-7.329455614089965820e-01
-7.329561114311218262e-01
-7.329612970352172852e-01
-7.329777479171752930e-01
-7.329929471015930176e-01
-7.330184578895568848e-01
-7.330447435379028320e-01
-7.330788969993591309e-01
-7.331265211105346680e-01
-7.331892251968383789e-01
-7.332924604415893555e-01
-7.334398627281188965e-01
-7.336200475692749023e-01
-7.337569594383239746e-01
-7.339748740196228027e-01
-7.342222332954406738e-01
-7.343510985374450684e-01
-7.345293760299682617e-01
-7.346374988555908203e-01
-7.348037362098693848e-01
-7.351540923118591309e-01
-7.353348731994628906e-01
-7.354601025581359863e-01
-7.355876564979553223e-01
-7.357328534126281738e-01
-7.359332442283630371e-01
-7.360905408859252930e-01
-7.362346649169921875e-01
-7.363851070404052734e-01
-7.365348935127258301e-01
-7.366243004798889160e-01
-7.366941571235656738e-01
-7.367501258850097656e-01
-7.368104457855224609e-01
-7.368686199188232422e-01
-7.369576096534729004e-01
-7.370443344116210938e-01
-7.371547818183898926e-01
-7.372557520866394043e-01
-7.373596429824829102e-01
-7.374389767646789551e-01
-7.375223040580749512e-01
-7.376109361648559570e-01
-7.377171516418457031e-01
-7.378394603729248047e-01
-7.379483580589294434e-01
-7.381412386894226074e-01
-7.382436990737915039e-01
-7.383325695991516113e-01
-7.384158968925476074e-01
-7.384727597236633301e-01
-7.385352849960327148e-01
-7.386330366134643555e-01
-7.387642264366149902e-01
-7.389558553695678711e-01
-7.391674518585205078e-01
-7.391031980514526367e-01
-7.392551898956298828e-01
-7.394199371337890625e-01
-7.396137714385986328e-01
-7.397773265838623047e-01
-7.399235367774963379e-01
-7.400131225585937500e-01
-7.400810718536376953e-01
-7.401255369186401367e-01
-7.402098178863525391e-01
-7.403012514114379883e-01
-7.403835654258728027e-01
-7.404438853263854980e-01
-7.405155301094055176e-01
-7.405755519866943359e-01
-7.406210899353027344e-01
-7.406498789787292480e-01
-7.406998872756958008e-01
-7.407568097114562988e-01
-7.408447265625000000e-01
-7.409550547599792480e-01
-7.410430312156677246e-01
-7.411445379257202148e-01
-7.412558197975158691e-01
-7.413927316665649414e-01
-7.414589524269104004e-01
-7.415667772293090820e-01
-7.416393756866455078e-01
-7.417016625404357910e-01
-7.417523860931396484e-01
-7.417979836463928223e-01
-7.418261170387268066e-01
-7.418893575668334961e-01
-7.419750094413757324e-01
-7.420825362205505371e-01
-7.422200441360473633e-01
-7.423752546310424805e-01
-7.424422502517700195e-01
-7.425878643989562988e-01
-7.427549958229064941e-01
-7.428389787673950195e-01
-7.429134249687194824e-01
-7.430132031440734863e-01
-7.430936694145202637e-01
-7.431614995002746582e-01
-7.432152628898620605e-01
-7.432652115821838379e-01
-7.433322668075561523e-01
-7.434015274047851562e-01
-7.434525489807128906e-01
-7.434954047203063965e-01
-7.435494661331176758e-01
-7.436037659645080566e-01
-7.437014579772949219e-01
-7.437572479248046875e-01
-7.438187599182128906e-01
-7.438849806785583496e-01
-7.439360022544860840e-01
-7.440031170845031738e-01
-7.440698742866516113e-01
-7.441419363021850586e-01
-7.442201375961303711e-01
-7.442761063575744629e-01
-7.443129420280456543e-01
-7.443638443946838379e-01
-7.444172501564025879e-01
-7.444584369659423828e-01
-7.444959878921508789e-01
-7.445638775825500488e-01
-7.446654438972473145e-01
-7.447534799575805664e-01
-7.448461055755615234e-01
-7.449504137039184570e-01
-7.450253367424011230e-01
-7.451675534248352051e-01
-7.452901601791381836e-01
-7.454128265380859375e-01
-7.455689311027526855e-01
-7.457618117332458496e-01
-7.459662556648254395e-01
-7.461709380149841309e-01
-7.463539838790893555e-01
-7.465866804122924805e-01
-7.468101382255554199e-01
-7.470169067382812500e-01
-7.472707629203796387e-01
-7.475040555000305176e-01
-7.477390766143798828e-01
-7.478035092353820801e-01
-7.480064630508422852e-01
-7.481087446212768555e-01
-7.481958270072937012e-01
-7.483549118041992188e-01
-7.484588623046875000e-01
-7.485690116882324219e-01
-7.486278414726257324e-01
-7.487366199493408203e-01
-7.488344907760620117e-01
-7.489623427391052246e-01
-7.491013407707214355e-01
-7.492726445198059082e-01
-7.494460940361022949e-01
-7.496186494827270508e-01
-7.497302293777465820e-01
-7.498677968978881836e-01
-7.500618100166320801e-01
-7.502344250679016113e-01
-7.503373622894287109e-01
-7.504280209541320801e-01
-7.504981756210327148e-01
-7.505417466163635254e-01
-7.505858540534973145e-01
-7.506368756294250488e-01
-7.506754994392395020e-01
-7.507157921791076660e-01
-7.507473826408386230e-01
-7.507905364036560059e-01
-7.508547306060791016e-01
-7.509364485740661621e-01
-7.510321140289306641e-01
-7.511723041534423828e-01
-7.513252496719360352e-01
-7.514996528625488281e-01
-7.515978813171386719e-01
-7.517010569572448730e-01
-7.517809271812438965e-01
-7.518344521522521973e-01
-7.519031167030334473e-01
-7.519618868827819824e-01
-7.520340681076049805e-01
-7.521285414695739746e-01
-7.522398233413696289e-01
-7.523524165153503418e-01
-7.524585723876953125e-01
-7.526060342788696289e-01
-7.526903152465820312e-01
-7.528188824653625488e-01
-7.529007196426391602e-01
-7.530071139335632324e-01
-7.531276941299438477e-01
-7.532254457473754883e-01
-7.532648444175720215e-01
-7.533197999000549316e-01
-7.533531188964843750e-01
-7.533851861953735352e-01
-7.534249424934387207e-01
-7.534575462341308594e-01
-7.535181045532226562e-01
-7.535715699195861816e-01
-7.536324262619018555e-01
-7.536947131156921387e-01
-7.537668943405151367e-01
-7.538313865661621094e-01
-7.539270520210266113e-01
-7.540814280509948730e-01
-7.542706131935119629e-01
-7.544773817062377930e-01
-7.546379566192626953e-01
-7.547879815101623535e-01
-7.548872232437133789e-01
-7.549703717231750488e-01
-7.550379633903503418e-01
-7.550893425941467285e-01
-7.551236152648925781e-01
-7.551655769348144531e-01
-7.552210688591003418e-01
-7.552825808525085449e-01
-7.553514242172241211e-01
-7.554310560226440430e-01
-7.555222511291503906e-01
-7.556341886520385742e-01
-7.557818293571472168e-01
-7.559514045715332031e-01
-7.561951279640197754e-01
-7.564395070075988770e-01
-7.567661404609680176e-01
-7.570508718490600586e-01
-7.573068141937255859e-01
-7.575491070747375488e-01
-7.577484846115112305e-01
-7.579398155212402344e-01
-7.581590414047241211e-01
-7.584435939788818359e-01
-7.587814331054687500e-01
-7.591665387153625488e-01
-7.594662904739379883e-01
-7.598060369491577148e-01
-7.600280642509460449e-01
-7.602380514144897461e-01
-7.603904604911804199e-01
-7.605222463607788086e-01
-7.606239318847656250e-01
-7.607362270355224609e-01
-7.608730792999267578e-01
-7.609946727752685547e-01
-7.611073255538940430e-01
-7.612418532371520996e-01
-7.613811492919921875e-01
-7.614815831184387207e-01
-7.615985274314880371e-01
-7.617000937461853027e-01
-7.617878317832946777e-01
-7.618756890296936035e-01
-7.619464993476867676e-01
-7.619997859001159668e-01
-7.620567679405212402e-01
-7.621116638183593750e-01
-7.621642947196960449e-01
-7.622283697128295898e-01
-7.623003125190734863e-01
-7.623543739318847656e-01
-7.623886466026306152e-01
-7.624183297157287598e-01
-7.624546289443969727e-01
-7.624859213829040527e-01
-7.625204324722290039e-01
-7.625597119331359863e-01
-7.625889778137207031e-01
-7.626273632049560547e-01
-7.626653909683227539e-01
-7.627292871475219727e-01
-7.628210186958312988e-01
-7.629159688949584961e-01
-7.630155086517333984e-01
-7.631312608718872070e-01
-7.632595300674438477e-01
-7.633547782897949219e-01
-7.634953856468200684e-01
-7.636266946792602539e-01
-7.637293934822082520e-01
-7.638176679611206055e-01
-7.638739943504333496e-01
-7.639209628105163574e-01
-7.639634013175964355e-01
-7.639945149421691895e-01
-7.640320062637329102e-01
-7.640799880027770996e-01
-7.641152143478393555e-01
-7.641530632972717285e-01
-7.641833424568176270e-01
-7.642168402671813965e-01
-7.642434239387512207e-01
-7.642775177955627441e-01
-7.643297314643859863e-01
-7.643926143646240234e-01
-7.644625306129455566e-01
-7.645407319068908691e-01
-7.646168470382690430e-01
-7.646657824516296387e-01
-7.646986842155456543e-01
-7.647556662559509277e-01
-7.648075222969055176e-01
-7.648490071296691895e-01
-7.648933529853820801e-01
-7.649332880973815918e-01
-7.649759650230407715e-01
-7.649994492530822754e-01
-7.650374770164489746e-01
-7.650714516639709473e-01
-7.651218175888061523e-01
-7.651816010475158691e-01
-7.652474045753479004e-01
-7.652997970581054688e-01
-7.653397917747497559e-01
-7.653779387474060059e-01
-7.654087543487548828e-01
-7.654355168342590332e-01
-7.654594779014587402e-01
-7.654944658279418945e-01
-7.655287981033325195e-01
-7.655643224716186523e-01
-7.655904889106750488e-01
-7.656117081642150879e-01
-7.656396031379699707e-01
-7.656596899032592773e-01
-7.656788825988769531e-01
-7.657029628753662109e-01
-7.657277584075927734e-01
-7.657557129859924316e-01
-7.658005356788635254e-01
-7.658851742744445801e-01
-7.659624218940734863e-01
-7.660526633262634277e-01
-7.661128640174865723e-01
-7.662081718444824219e-01
-7.662584185600280762e-01
-7.662726640701293945e-01
-7.662975192070007324e-01
-7.663148045539855957e-01
-7.663367986679077148e-01
-7.663713693618774414e-01
-7.663902640342712402e-01
-7.664178609848022461e-01
-7.664456367492675781e-01
-7.664824128150939941e-01
-7.665276527404785156e-01
-7.665829658508300781e-01
-7.666453719139099121e-01
-7.667143940925598145e-01
-7.668090462684631348e-01
-7.669149637222290039e-01
-7.670360207557678223e-01
-7.671585679054260254e-01
-7.672457098960876465e-01
-7.673290967941284180e-01
-7.673944830894470215e-01
-7.674770951271057129e-01
-7.675524353981018066e-01
-7.676116824150085449e-01
-7.676758170127868652e-01
-7.677175402641296387e-01
-7.678009271621704102e-01
-7.678672075271606445e-01
-7.679181694984436035e-01
-7.679615616798400879e-01
-7.680324316024780273e-01
-7.681097388267517090e-01
-7.681986093521118164e-01
-7.682538032531738281e-01
-7.683407664299011230e-01
-7.684222459793090820e-01
-7.684989571571350098e-01
-7.685528397560119629e-01
-7.685927748680114746e-01
-7.686355710029602051e-01
-7.686867117881774902e-01
-7.687285542488098145e-01
-7.687525749206542969e-01
-7.687857747077941895e-01
-7.688073515892028809e-01
-7.688734531402587891e-01
-7.689332365989685059e-01
-7.689809203147888184e-01
-7.690093517303466797e-01
-7.690404653549194336e-01
-7.690647840499877930e-01
-7.690905928611755371e-01
-7.691175341606140137e-01
-7.691502571105957031e-01
-7.691821455955505371e-01
-7.692216634750366211e-01
-7.692734599113464355e-01
-7.693199515342712402e-01
-7.694252133369445801e-01
-7.695055603981018066e-01
-7.695888280868530273e-01
-7.696565389633178711e-01
-7.697677612304687500e-01
-7.698517441749572754e-01
-7.699267864227294922e-01
-7.700144648551940918e-01
-7.701072692871093750e-01
-7.701897025108337402e-01
-7.702819108963012695e-01
-7.703995704650878906e-01
-7.705538868904113770e-01
-7.706751227378845215e-01
-7.707576155662536621e-01
-7.708233594894409180e-01
-7.708649635314941406e-01
-7.708905339241027832e-01
-7.709228396415710449e-01
-7.709389328956604004e-01
-7.709679007530212402e-01
-7.710068821907043457e-01
-7.710375785827636719e-01
-7.710859179496765137e-01
-7.711316347122192383e-01
-7.711761593818664551e-01
-7.712094783782958984e-01
-7.712341547012329102e-01
-7.712469100952148438e-01
-7.712667584419250488e-01
-7.712937593460083008e-01
-7.713223099708557129e-01
-7.713456749916076660e-01
-7.713622450828552246e-01
-7.713792920112609863e-01
-7.714015841484069824e-01
-7.714342474937438965e-01
-7.714696526527404785e-01
-7.715252637863159180e-01
-7.715648412704467773e-01
-7.716307044029235840e-01
-7.717006802558898926e-01
-7.717576622962951660e-01
-7.717913985252380371e-01
-7.718306183815002441e-01
-7.718706130981445312e-01
-7.719126343727111816e-01
-7.719314694404602051e-01
-7.719504237174987793e-01
-7.719654440879821777e-01
-7.719876170158386230e-01
-7.720127701759338379e-01
-7.720342874526977539e-01
-7.720575928688049316e-01
-7.720951437950134277e-01
-7.721291780471801758e-01
-7.721512317657470703e-01
-7.721717357635498047e-01
-7.721940279006958008e-01
-7.722172141075134277e-01
-7.722591757774353027e-01
-7.722930908203125000e-01
-7.723501920700073242e-01
-7.724187374114990234e-01
-7.724977135658264160e-01
-7.725659012794494629e-01
-7.725928425788879395e-01
-7.726242542266845703e-01
-7.726749181747436523e-01
-7.727614641189575195e-01
-7.728242874145507812e-01
-7.728596329689025879e-01
-7.728857398033142090e-01
-7.729023694992065430e-01
-7.729192376136779785e-01
-7.729394435882568359e-01
-7.729625701904296875e-01
-7.729954719543457031e-01
-7.730199098587036133e-01
-7.730489373207092285e-01
-7.730761766433715820e-01
-7.731183171272277832e-01
-7.731728553771972656e-01
-7.732312679290771484e-01
-7.732899188995361328e-01
-7.733457088470458984e-01
-7.733874320983886719e-01
-7.734230756759643555e-01
-7.734608650207519531e-01
-7.735002040863037109e-01
-7.735497951507568359e-01
-7.735881209373474121e-01
-7.736421227455139160e-01
-7.737575769424438477e-01
-7.739200592041015625e-01
-7.740673422813415527e-01
-7.742583751678466797e-01
-7.744719982147216797e-01
-7.747222185134887695e-01
-7.748363018035888672e-01
-7.751523852348327637e-01
-7.753235697746276855e-01
-7.755256891250610352e-01
-7.757176160812377930e-01
-7.759228348731994629e-01
-7.760962247848510742e-01
-7.762299180030822754e-01
-7.765454649925231934e-01
-7.767539024353027344e-01
-7.769697308540344238e-01
-7.770941853523254395e-01
-7.772065401077270508e-01
-7.773242592811584473e-01
-7.774339318275451660e-01
-7.775974869728088379e-01
-7.777605056762695312e-01
-7.779166698455810547e-01
-7.780079245567321777e-01
-7.781231403350830078e-01
-7.782784700393676758e-01
-7.784501910209655762e-01
-7.786805033683776855e-01
-7.787874341011047363e-01
-7.789089679718017578e-01
-7.790427803993225098e-01
-7.792366743087768555e-01
-7.793453335762023926e-01
-7.795065641403198242e-01
-7.796005606651306152e-01
-7.797576189041137695e-01
-7.798914313316345215e-01
-7.799887657165527344e-01
-7.800755500793457031e-01
-7.801681756973266602e-01
-7.802634835243225098e-01
-7.803569436073303223e-01
-7.804623842239379883e-01
-7.805534005165100098e-01
-7.807133197784423828e-01
-7.809551358222961426e-01
-7.811703681945800781e-01
-7.813689112663269043e-01
-7.815558314323425293e-01
-7.817264795303344727e-01
-7.818744778633117676e-01
-7.821065783500671387e-01
-7.823500633239746094e-01
-7.825665473937988281e-01
-7.827345728874206543e-01
-7.828488349914550781e-01
-7.829790711402893066e-01
-7.831438779830932617e-01
-7.832162976264953613e-01
-7.834571003913879395e-01
-7.836803793907165527e-01
-7.839472293853759766e-01
-7.842930555343627930e-01
-7.846536040306091309e-01
-7.850914001464843750e-01
-7.853873968124389648e-01
-7.856785655021667480e-01
-7.860191464424133301e-01
-7.863957881927490234e-01
-7.863830924034118652e-01
-7.865828275680541992e-01
-7.868658304214477539e-01
-7.870138287544250488e-01
-7.872139215469360352e-01
-7.875960469245910645e-01
-7.879816293716430664e-01
-7.882538437843322754e-01
-7.883507609367370605e-01
-7.884778976440429688e-01
-7.885494232177734375e-01
-7.886016964912414551e-01
-7.886416316032409668e-01
-7.886871695518493652e-01
-7.888008952140808105e-01
-7.889471650123596191e-01
-7.890906333923339844e-01
-7.892315387725830078e-01
-7.893500328063964844e-01
-7.894707322120666504e-01
-7.896298170089721680e-01
-7.897961735725402832e-01
-7.899383306503295898e-01
-7.900816202163696289e-01
-7.902037501335144043e-01
-7.903516292572021484e-01
-7.904677987098693848e-01
-7.905470132827758789e-01
-7.906060814857482910e-01
-7.906787991523742676e-01
-7.907534241676330566e-01
-7.908099293708801270e-01
-7.908655405044555664e-01
-7.909220457077026367e-01
-7.909723520278930664e-01
-7.910177111625671387e-01
-7.910429239273071289e-01
-7.910731434822082520e-01
-7.910898327827453613e-01
-7.911068201065063477e-01
-7.911320328712463379e-01
-7.911576032638549805e-01
-7.911824584007263184e-01
-7.912046909332275391e-01
-7.912257909774780273e-01
-7.912553548812866211e-01
-7.912691831588745117e-01
-7.912914156913757324e-01
-7.913139462471008301e-01
-7.913399934768676758e-01
-7.913630604743957520e-01
-7.913911342620849609e-01
-7.914398908615112305e-01
-7.914927005767822266e-01
-7.915626168251037598e-01
-7.916219830513000488e-01
-7.916930913925170898e-01
-7.917609214782714844e-01
-7.918379306793212891e-01
-7.919221520423889160e-01
-7.920475602149963379e-01
-7.921692728996276855e-01
-7.922720909118652344e-01
-7.923325896263122559e-01
-7.923806309700012207e-01
-7.924220561981201172e-01
-7.924498319625854492e-01
-7.924826145172119141e-01
-7.925166487693786621e-01
-7.925521731376647949e-01
-7.925890088081359863e-01
-7.926170825958251953e-01
-7.926672101020812988e-01
-7.927283048629760742e-01
-7.927691340446472168e-01
-7.928051352500915527e-01
-7.928563952445983887e-01
-7.929142117500305176e-01
-7.930030226707458496e-01
-7.930998802185058594e-01
-7.931779623031616211e-01
-7.932437062263488770e-01
-7.933126688003540039e-01
-7.933647632598876953e-01
-7.934050559997558594e-01
-7.934606075286865234e-01
-7.935187220573425293e-01
-7.935743927955627441e-01
-7.936479449272155762e-01
-7.937405109405517578e-01
-7.938607931137084961e-01
-7.940039634704589844e-01
-7.942122220993041992e-01
-7.942821979522705078e-01
-7.945409417152404785e-01
-7.949011325836181641e-01
-7.950767874717712402e-01
-7.951764464378356934e-01
-7.956625223159790039e-01
-7.957442998886108398e-01
-7.957839965820312500e-01
-7.958822250366210938e-01
-7.960026264190673828e-01
-7.960884571075439453e-01
-7.961453795433044434e-01
-7.962147593498229980e-01
-7.962842583656311035e-01
-7.963338494300842285e-01
-7.963786721229553223e-01
-7.964155077934265137e-01
-7.964557409286499023e-01
-7.964939475059509277e-01
-7.965345978736877441e-01
-7.965964674949645996e-01
-7.966745495796203613e-01
-7.967788577079772949e-01
-7.968686819076538086e-01
-7.969743609428405762e-01
-7.969496846199035645e-01
-7.970444560050964355e-01
-7.970836758613586426e-01
-7.972002625465393066e-01
-7.972719073295593262e-01
-7.973181605339050293e-01
-7.973532080650329590e-01
-7.973930239677429199e-01
-7.974305152893066406e-01
-7.974600195884704590e-01
-7.974919676780700684e-01
-7.975240349769592285e-01
-7.975567579269409180e-01
-7.976011037826538086e-01
-7.976570129394531250e-01
-7.977271676063537598e-01
-7.978096008300781250e-01
-7.977894544601440430e-01
-7.978585362434387207e-01
-7.979196310043334961e-01
-7.979833483695983887e-01
-7.980124354362487793e-01
-7.980324029922485352e-01
-7.980447411537170410e-01
-7.980670928955078125e-01
-7.980904579162597656e-01
-7.981142401695251465e-01
-7.981396913528442383e-01
-7.981630563735961914e-01
-7.981963157653808594e-01
-7.982351779937744141e-01
-7.982931137084960938e-01
-7.982774972915649414e-01
-7.983266711235046387e-01
-7.983629703521728516e-01
-7.984137535095214844e-01
-7.984430193901062012e-01
-7.984597682952880859e-01
-7.984870672225952148e-01
-7.985044121742248535e-01
-7.985277771949768066e-01
-7.985527515411376953e-01
-7.985799908638000488e-01
-7.986010313034057617e-01
-7.986297011375427246e-01
-7.986563444137573242e-01
-7.986708879470825195e-01
-7.986918091773986816e-01
-7.986997961997985840e-01
-7.987158298492431641e-01
-7.987316250801086426e-01
-7.987564206123352051e-01
-7.987676262855529785e-01
-7.987754344940185547e-01
-7.987904548645019531e-01
-7.987997531890869141e-01
-7.988089919090270996e-01
-7.988132238388061523e-01
-7.988260388374328613e-01
-7.988365888595581055e-01
-7.988569736480712891e-01
-7.988870739936828613e-01
-7.989045381546020508e-01
-7.989346385002136230e-01
-7.989487051963806152e-01
-7.989732027053833008e-01
-7.989903092384338379e-01
-7.990159392356872559e-01
-7.990304827690124512e-01
-7.990646362304687500e-01
-7.990992665290832520e-01
-7.991300225257873535e-01
-7.991518378257751465e-01
-7.991795539855957031e-01
-7.992175221443176270e-01
-7.992491722106933594e-01
-7.992843389511108398e-01
-7.993191480636596680e-01
-7.993529438972473145e-01
-7.993904948234558105e-01
-7.994416356086730957e-01
-7.994856238365173340e-01
-7.995538115501403809e-01
-7.996073961257934570e-01
-7.996758818626403809e-01
-7.997794151306152344e-01
-7.998175621032714844e-01
-7.999046444892883301e-01
-7.999334335327148438e-01
-7.999883890151977539e-01
-8.000682592391967773e-01
-8.001445531845092773e-01
-8.001990914344787598e-01
-8.002445101737976074e-01
-8.002741336822509766e-01
-8.003004193305969238e-01
-8.003309369087219238e-01
-8.003452420234680176e-01
-8.003604412078857422e-01
-8.003705739974975586e-01
-8.003868460655212402e-01
-8.004024028778076172e-01
-8.004147410392761230e-01
-8.004299402236938477e-01
-8.004404306411743164e-01
-8.004472851753234863e-01
-8.004568219184875488e-01
-8.004654049873352051e-01
-8.004776835441589355e-01
-8.004860877990722656e-01
-8.004950284957885742e-01
-8.005077838897705078e-01
-8.005306124687194824e-01
-8.005461096763610840e-01
-8.005623817443847656e-01
-8.005842566490173340e-01
-8.006041049957275391e-01
-8.006272315979003906e-01
-8.006560206413269043e-01
-8.006884455680847168e-01
-8.007293343544006348e-01
-8.007752299308776855e-01
-8.008226752281188965e-01
-8.008869886398315430e-01
-8.009426593780517578e-01
-8.009886741638183594e-01
-8.010404109954833984e-01
-8.010912537574768066e-01
-8.011730909347534180e-01
-8.012720942497253418e-01
-8.013138771057128906e-01
-8.014132380485534668e-01
-8.015032410621643066e-01
-8.016167879104614258e-01
-8.017418384552001953e-01
-8.018347024917602539e-01
-8.019427657127380371e-01
-8.019794225692749023e-01
-8.020507693290710449e-01
-8.020808696746826172e-01
-8.021131157875061035e-01
-8.021320104598999023e-01
-8.021553754806518555e-01
-8.021731376647949219e-01
-8.021849989891052246e-01
-8.022011518478393555e-01
-8.022240400314331055e-01
-8.022421598434448242e-01
-8.022568821907043457e-01
-8.022642731666564941e-01
-8.022812008857727051e-01
-8.022859096527099609e-01
-8.023031949996948242e-01
-8.023164868354797363e-01
-8.023344874382019043e-01
-8.023582696914672852e-01
-8.023799657821655273e-01
-8.024042248725891113e-01
-8.024439215660095215e-01
-8.025093078613281250e-01
-8.025860786437988281e-01
-8.026468157768249512e-01
-8.027125000953674316e-01
-8.027794361114501953e-01
-8.028480410575866699e-01
-8.029014468193054199e-01
-8.030235767364501953e-01
-8.031355142593383789e-01
-8.032357096672058105e-01
-8.033832311630249023e-01
-8.035730123519897461e-01
-8.037849068641662598e-01
-8.039897680282592773e-01
-8.042414188385009766e-01
-8.044905662536621094e-01
-8.046966791152954102e-01
-8.048081398010253906e-01
-8.049527406692504883e-01
-8.051157593727111816e-01
-8.052655458450317383e-01
-8.054066300392150879e-01
-8.055634498596191406e-01
-8.056802153587341309e-01
-8.058232069015502930e-01
-8.059350848197937012e-01
-8.060252070426940918e-01
-8.061476349830627441e-01
-8.062873482704162598e-01
-8.063918948173522949e-01
-8.065754175186157227e-01
-8.067274093627929688e-01
-8.069539070129394531e-01
-8.071808815002441406e-01
-8.073743581771850586e-01
-8.076723814010620117e-01
-8.079020977020263672e-01
-8.082166910171508789e-01
-8.084125518798828125e-01
-8.083136081695556641e-01
-8.085108399391174316e-01
-8.086856007575988770e-01
-8.088214993476867676e-01
-8.089252710342407227e-01
-8.090661168098449707e-01
-8.091370463371276855e-01
-8.092005848884582520e-01
-8.092897534370422363e-01
-8.093698620796203613e-01
-8.094969391822814941e-01
-8.096169233322143555e-01
-8.097391724586486816e-01
-8.098326325416564941e-01
-8.099049925804138184e-01
-8.099492192268371582e-01
-8.099773526191711426e-01
-8.100192546844482422e-01
-8.100442886352539062e-01
-8.100783228874206543e-01
-8.100951910018920898e-01
-8.101148605346679688e-01
-8.101400136947631836e-01
-8.101694583892822266e-01
-8.101969361305236816e-01
-8.102313280105590820e-01
-8.102608323097229004e-01
-8.102831244468688965e-01
-8.103118538856506348e-01
-8.103477358818054199e-01
-8.103837966918945312e-01
-8.104212880134582520e-01
-8.104690909385681152e-01
-8.105247020721435547e-01
-8.105772733688354492e-01
-8.106318116188049316e-01
-8.106733560562133789e-01
-8.106986880302429199e-01
-8.107432723045349121e-01
-8.107632994651794434e-01
-8.108213543891906738e-01
-8.108931183815002441e-01
-8.109530806541442871e-01
-8.110045790672302246e-01
-8.110455274581909180e-01
-8.110987544059753418e-01
-8.111658096313476562e-01
-8.112276792526245117e-01
-8.112926483154296875e-01
-8.113634586334228516e-01
-8.114368319511413574e-01
-8.115578293800354004e-01
-8.117049336433410645e-01
-8.118894100189208984e-01
-8.119839429855346680e-01
-8.121507167816162109e-01
-8.122358918190002441e-01
-8.123365044593811035e-01
-8.124570250511169434e-01
-8.125313520431518555e-01
-8.125460743904113770e-01
-8.126390576362609863e-01
-8.126986622810363770e-01
-8.127495646476745605e-01
-8.127923011779785156e-01
-8.128281831741333008e-01
-8.128616213798522949e-01
-8.128860592842102051e-01
-8.129234313964843750e-01
-8.129547238349914551e-01
-8.129925727844238281e-01
-8.130482435226440430e-01
-8.131166696548461914e-01
-8.131809234619140625e-01
-8.132279515266418457e-01
-8.133009076118469238e-01
-8.133963346481323242e-01
-8.134725093841552734e-01
-8.135651946067810059e-01
-8.136826753616333008e-01
-8.137819766998291016e-01
-8.138539791107177734e-01
-8.139027357101440430e-01
-8.139557242393493652e-01
-8.140026330947875977e-01
-8.140385746955871582e-01
-8.140744566917419434e-01
-8.141016364097595215e-01
-8.141459226608276367e-01
-8.141734600067138672e-01
-8.142159581184387207e-01
-8.142501711845397949e-01
-8.142846822738647461e-01
-8.143250346183776855e-01
-8.143621087074279785e-01
-8.143993616104125977e-01
-8.144474625587463379e-01
-8.145093917846679688e-01
-8.145437836647033691e-01
-8.145944476127624512e-01
-8.146351575851440430e-01
-8.146522045135498047e-01
-8.146684169769287109e-01
-8.146815896034240723e-01
-8.147163391113281250e-01
-8.147525191307067871e-01
-8.147841095924377441e-01
-8.148038983345031738e-01
-8.148254156112670898e-01
-8.148416280746459961e-01
-8.148544430732727051e-01
-8.148649930953979492e-01
-8.148730397224426270e-01
-8.148874044418334961e-01
-8.148930072784423828e-01
-8.149111866950988770e-01
-8.149273395538330078e-01
-8.149496912956237793e-01
-8.149750232696533203e-01
-8.150058984756469727e-01
-8.150437474250793457e-01
-8.150891065597534180e-01
-8.151463866233825684e-01
-8.151944875717163086e-01
-8.152468204498291016e-01
-8.152837157249450684e-01
-8.153243660926818848e-01
-8.153448104858398438e-01
-8.153746724128723145e-01
-8.153929114341735840e-01
-8.154088854789733887e-01
-8.154008984565734863e-01
-8.154183030128479004e-01
-8.154593706130981445e-01
-8.155015110969543457e-01
-8.155690431594848633e-01
-8.156425952911376953e-01
-8.157535791397094727e-01
-8.158650398254394531e-01
-8.159804940223693848e-01
-8.160516023635864258e-01
-8.161532878875732422e-01
-8.162750601768493652e-01
-8.163672089576721191e-01
-8.164356350898742676e-01
-8.164650797843933105e-01
-8.165023922920227051e-01
-8.165328502655029297e-01
-8.165546059608459473e-01
-8.165760636329650879e-01
-8.165999054908752441e-01
-8.166286945343017578e-01
-8.166703581809997559e-01
-8.167114853858947754e-01
-8.167595267295837402e-01
-8.168185949325561523e-01
-8.168992400169372559e-01
-8.169876933097839355e-01
-8.170517683029174805e-01
-8.171021938323974609e-01
-8.171751499176025391e-01
-8.172413110733032227e-01
-8.172839283943176270e-01
-8.173329830169677734e-01
-8.173714280128479004e-01
-8.174011111259460449e-01
-8.174252510070800781e-01
-8.174474239349365234e-01
-8.174688816070556641e-01
-8.174939751625061035e-01
-8.175194263458251953e-01
-8.175487518310546875e-01
-8.175856471061706543e-01
-8.176232576370239258e-01
-8.176909685134887695e-01
-8.177680373191833496e-01
-8.178558945655822754e-01
-8.179332613945007324e-01
-8.180258274078369141e-01
-8.181375265121459961e-01
-8.182747364044189453e-01
-8.183339834213256836e-01
-8.184442520141601562e-01
-8.185327649116516113e-01
-8.186402916908264160e-01
-8.186985850334167480e-01
-8.187809586524963379e-01
-8.188376426696777344e-01
-8.188614249229431152e-01
-8.188963532447814941e-01
-8.189145326614379883e-01
-8.189395666122436523e-01
-8.189570903778076172e-01
-8.189660906791687012e-01
-8.189910054206848145e-01
-8.190097212791442871e-01
-8.190406560897827148e-01
-8.190759420394897461e-01
-8.190962672233581543e-01
-8.191621899604797363e-01
-8.192223906517028809e-01
-8.192754387855529785e-01
-8.193133473396301270e-01
-8.193686008453369141e-01
-8.194172978401184082e-01
-8.194721937179565430e-01
-8.195295333862304688e-01
-8.195798397064208984e-01
-8.196316361427307129e-01
-8.196577429771423340e-01
-8.197000026702880859e-01
-8.197380900382995605e-01
-8.197836875915527344e-01
-8.198355436325073242e-01
-8.199253082275390625e-01
-8.200017213821411133e-01
-8.200606107711791992e-01
-8.201164007186889648e-01
-8.201693296432495117e-01
-8.202422857284545898e-01
-8.202971220016479492e-01
-8.203883171081542969e-01
-8.205322623252868652e-01
-8.207244873046875000e-01
-8.209261298179626465e-01
-8.211328983306884766e-01
-8.212384581565856934e-01
-8.213176131248474121e-01
-8.215228319168090820e-01
-8.216292262077331543e-01
-8.218801617622375488e-01
-8.220213055610656738e-01
-8.221434950828552246e-01
-8.223270177841186523e-01
-8.225135803222656250e-01
-8.227361440658569336e-01
-8.229123353958129883e-01
-8.231283426284790039e-01
-8.232135176658630371e-01
-8.233047127723693848e-01
-8.234134316444396973e-01
-8.235124945640563965e-01
-8.236214518547058105e-01
-8.237727284431457520e-01
-8.238906264305114746e-01
-8.240351676940917969e-01
-8.241814374923706055e-01
-8.243543505668640137e-01
-8.244649767875671387e-01
-8.245543837547302246e-01
-8.246277570724487305e-01
-8.247483968734741211e-01
-8.248568773269653320e-01
-8.250121474266052246e-01
-8.250806927680969238e-01
-8.251609206199645996e-01
-8.253035545349121094e-01
-8.254087567329406738e-01
-8.254883289337158203e-01
-8.256142139434814453e-01
-8.257421851158142090e-01
-8.258525729179382324e-01
-8.259165287017822266e-01
-8.260002732276916504e-01
-8.260776996612548828e-01
-8.261587023735046387e-01
-8.262423276901245117e-01
-8.263140320777893066e-01
-8.263667821884155273e-01
-8.264184594154357910e-01
-8.264548182487487793e-01
-8.265005350112915039e-01
-8.265534043312072754e-01
-8.266128301620483398e-01
-8.266538977622985840e-01
-8.267368674278259277e-01
-8.268530368804931641e-01
-8.269688487052917480e-01
-8.271228075027465820e-01
-8.273263573646545410e-01
-8.275454640388488770e-01
-8.278537392616271973e-01
-8.282384276390075684e-01
-8.287200331687927246e-01
-8.291058540344238281e-01
-8.293507695198059082e-01
-8.293320536613464355e-01
-8.295198082923889160e-01
-8.295044302940368652e-01
-8.296279907226562500e-01
-8.297982215881347656e-01
-8.300533294677734375e-01
-8.302457332611083984e-01
-8.303612470626831055e-01
-8.305124640464782715e-01
-8.306471705436706543e-01
-8.307234644889831543e-01
-8.307712078094482422e-01
-8.308237195014953613e-01
-8.308873772621154785e-01
-8.309938311576843262e-01
-8.310952782630920410e-01
-8.311752676963806152e-01
-8.312344551086425781e-01
-8.312832117080688477e-01
-8.313359618186950684e-01
-8.313879370689392090e-01
-8.314495682716369629e-01
-8.314969539642333984e-01
-8.315462470054626465e-01
-8.315709233283996582e-01
-8.316156268119812012e-01
-8.316558599472045898e-01
-8.316932320594787598e-01
-8.317244648933410645e-01
-8.317472934722900391e-01
-8.317564725875854492e-01
-8.317702412605285645e-01
-8.317774534225463867e-01
-8.317863941192626953e-01
-8.318036198616027832e-01
-8.318207263946533203e-01
-8.318399190902709961e-01
-8.318673372268676758e-01
-8.318952322006225586e-01
-8.319195508956909180e-01
-8.319464921951293945e-01
-8.319777250289916992e-01
-8.320127725601196289e-01
-8.320505619049072266e-01
-8.321031928062438965e-01
-8.321631550788879395e-01
-8.322096467018127441e-01
-8.322609663009643555e-01
-8.323079943656921387e-01
-8.323604464530944824e-01
-8.324015140533447266e-01
-8.324419260025024414e-01
-8.324745893478393555e-01
-8.325062394142150879e-01
-8.325477838516235352e-01
-8.325832486152648926e-01
-8.326052427291870117e-01
-8.326541185379028320e-01
-8.326979279518127441e-01
-8.327431678771972656e-01
-8.327940106391906738e-01
-8.328190445899963379e-01
-8.328426480293273926e-01
-8.328723907470703125e-01
-8.328880071640014648e-01
-8.329310417175292969e-01
-8.329733610153198242e-01
-8.329960703849792480e-01
-8.330279588699340820e-01
-8.330590724945068359e-01
-8.330867290496826172e-01
-8.331079483032226562e-01
-8.331395983695983887e-01
-8.331748843193054199e-01
-8.332105278968811035e-01
-8.332482576370239258e-01
-8.332954645156860352e-01
-8.333229422569274902e-01
-8.333579301834106445e-01
-8.333837389945983887e-01
-8.334088325500488281e-01
-8.334287405014038086e-01
-8.334592580795288086e-01
-8.334863185882568359e-01
-8.335199952125549316e-01
-8.335469365119934082e-01
-8.335781693458557129e-01
-8.336116671562194824e-01
-8.336561918258666992e-01
-8.337168693542480469e-01
-8.337659239768981934e-01
-8.338167667388916016e-01
-8.338623642921447754e-01
-8.338931798934936523e-01
-8.339272141456604004e-01
-8.339549899101257324e-01
-8.339747786521911621e-01
-8.339924216270446777e-01
-8.340301513671875000e-01
-8.340780138969421387e-01
-8.341228961944580078e-01
-8.341587185859680176e-01
-8.341893553733825684e-01
-8.342237472534179688e-01
-8.342441320419311523e-01
-8.342604041099548340e-01
-8.342772722244262695e-01
-8.342955112457275391e-01
-8.343045711517333984e-01
-8.343173265457153320e-01
-8.343306183815002441e-01
-8.343393206596374512e-01
-8.343460559844970703e-01
-8.343541026115417480e-01
-8.343619108200073242e-01
-8.343767523765563965e-01
-8.343831300735473633e-01
-8.343951702117919922e-01
-8.344162702560424805e-01
-8.344530463218688965e-01
-8.344995975494384766e-01
-8.345710039138793945e-01
-8.346300721168518066e-01
-8.347299695014953613e-01
-8.348275423049926758e-01
-8.348959684371948242e-01
-8.349764347076416016e-01
-8.350030183792114258e-01
-8.350446820259094238e-01
-8.351020216941833496e-01
-8.351551294326782227e-01
-8.352325558662414551e-01
-8.353505134582519531e-01
-8.354163765907287598e-01
-8.354963064193725586e-01
-8.356027603149414062e-01
-8.356592059135437012e-01
-8.357098698616027832e-01
-8.357492685317993164e-01
-8.357814550399780273e-01
-8.358241319656372070e-01
-8.358595371246337891e-01
-8.358890414237976074e-01
-8.359115719795227051e-01
-8.359385728836059570e-01
-8.359609246253967285e-01
-8.359747529029846191e-01
-8.360008597373962402e-01
-8.360183835029602051e-01
-8.360291719436645508e-01
-8.360339999198913574e-01
-8.360384702682495117e-01
-8.360434174537658691e-01
-8.360488414764404297e-01
-8.360465764999389648e-01
-8.360495567321777344e-01
-8.360512852668762207e-01
-8.360489606857299805e-01
-8.360480070114135742e-01
-8.360514640808105469e-01
-8.360514640808105469e-01
-8.360477685928344727e-01
-8.360496759414672852e-01
-8.360458016395568848e-01
-8.360507488250732422e-01
-8.360514640808105469e-01
