1.776619911193847656e+00
1.733478188514709473e+00
1.628021955490112305e+00
1.560853838920593262e+00
1.470380783081054688e+00
1.317402601242065430e+00
1.268092513084411621e+00
1.259524941444396973e+00
1.250406384468078613e+00
1.231987118721008301e+00
1.204297423362731934e+00
1.165844082832336426e+00
1.172683119773864746e+00
1.134717702865600586e+00
1.105856895446777344e+00
1.075736403465270996e+00
1.059498310089111328e+00
1.045533299446105957e+00
1.014735460281372070e+00
9.757000207901000977e-01
9.346026182174682617e-01
8.710709214210510254e-01
8.269947767257690430e-01
8.031597137451171875e-01
7.792692780494689941e-01
7.704405188560485840e-01
7.639846205711364746e-01
7.565127611160278320e-01
7.471612691879272461e-01
7.206108570098876953e-01
6.636568903923034668e-01
6.272628307342529297e-01
6.143079996109008789e-01
6.041821837425231934e-01
5.961798429489135742e-01
5.879280567169189453e-01
5.822622776031494141e-01
5.783755183219909668e-01
5.746314525604248047e-01
5.700281262397766113e-01
5.672003626823425293e-01
5.657746791839599609e-01
5.642826557159423828e-01
5.615025758743286133e-01
5.574797391891479492e-01
5.522783994674682617e-01
5.467389225959777832e-01
5.403945446014404297e-01
6.613675951957702637e-01
5.384855270385742188e-01
5.336610078811645508e-01
5.303806662559509277e-01
5.268391966819763184e-01
5.245002508163452148e-01
5.225381255149841309e-01
5.215903520584106445e-01
5.212878584861755371e-01
5.205699801445007324e-01
5.195388793945312500e-01
5.183303952217102051e-01
5.171753764152526855e-01
5.161994695663452148e-01
5.155356526374816895e-01
5.148260593414306641e-01
5.140830278396606445e-01
5.135385394096374512e-01
5.131104588508605957e-01
5.129610896110534668e-01
5.126615762710571289e-01
5.122821927070617676e-01
5.119214057922363281e-01
5.112316012382507324e-01
5.103698968887329102e-01
5.094317793846130371e-01
5.085269212722778320e-01
5.077840089797973633e-01
5.063812732696533203e-01
5.054894089698791504e-01
5.048611760139465332e-01
5.043345093727111816e-01
5.036002397537231445e-01
5.030905008316040039e-01
5.023534297943115234e-01
5.015898346900939941e-01
5.001716017723083496e-01
4.989412426948547363e-01
4.980840682983398438e-01
4.968641996383666992e-01
4.936334490776062012e-01
4.926379024982452393e-01
4.921051561832427979e-01
4.916697442531585693e-01
4.913352131843566895e-01
4.907467961311340332e-01
4.899583458900451660e-01
4.886079430580139160e-01
4.876319169998168945e-01
4.853804409503936768e-01
4.843636155128479004e-01
4.830098450183868408e-01
4.822635650634765625e-01
4.815008938312530518e-01
4.805978238582611084e-01
4.790279269218444824e-01
4.762876033782958984e-01
4.741020798683166504e-01
4.727019369602203369e-01
4.688726365566253662e-01
4.655627608299255371e-01
4.644119441509246826e-01
4.637739360332489014e-01
4.626901447772979736e-01
4.617807269096374512e-01
4.612717032432556152e-01
4.607464075088500977e-01
4.591843187808990479e-01
4.570877552032470703e-01
4.549385607242584229e-01
4.534462690353393555e-01
4.582005441188812256e-01
4.525445997714996338e-01
4.517204761505126953e-01
4.512407481670379639e-01
4.504753947257995605e-01
4.493124485015869141e-01
4.489071965217590332e-01
4.484517574310302734e-01
4.474721550941467285e-01
4.462864100933074951e-01
4.452849626541137695e-01
4.439755976200103760e-01
4.431574344635009766e-01
4.421725273132324219e-01
4.415472149848937988e-01
4.404835104942321777e-01
4.382869601249694824e-01
4.368145763874053955e-01
4.348622262477874756e-01
4.344428777694702148e-01
4.334616065025329590e-01
4.330006539821624756e-01
4.327294230461120605e-01
4.320821464061737061e-01
4.311234951019287109e-01
4.300056397914886475e-01
4.288569688796997070e-01
4.274845421314239502e-01
4.262356758117675781e-01
4.241879284381866455e-01
4.416849315166473389e-01
4.227015376091003418e-01
4.222473204135894775e-01
4.191640317440032959e-01
4.178462326526641846e-01
4.175586402416229248e-01
4.168872535228729248e-01
4.160718023777008057e-01
4.140406250953674316e-01
4.113824069499969482e-01
4.098750054836273193e-01
4.090221822261810303e-01
4.086351692676544189e-01
4.082765579223632812e-01
4.079199135303497314e-01
4.076406359672546387e-01
4.074407517910003662e-01
4.073019027709960938e-01
4.069927334785461426e-01
4.061216115951538086e-01
4.047606587409973145e-01
4.029983282089233398e-01
4.008015394210815430e-01
3.985315561294555664e-01
3.970611393451690674e-01
3.961590230464935303e-01
3.954922556877136230e-01
3.951182365417480469e-01
3.949169516563415527e-01
3.946774899959564209e-01
3.944288790225982666e-01
3.941157162189483643e-01
3.936500549316406250e-01
3.930275440216064453e-01
3.921923935413360596e-01
3.909248113632202148e-01
3.891611397266387939e-01
3.879296779632568359e-01
3.869273066520690918e-01
3.848620355129241943e-01
3.828203380107879639e-01
3.814314901828765869e-01
3.805834352970123291e-01
3.803888559341430664e-01
3.802638053894042969e-01
3.801772892475128174e-01
3.801058828830718994e-01
3.800470530986785889e-01
3.799983859062194824e-01
3.799338340759277344e-01
3.797514438629150391e-01
3.794152736663818359e-01
3.789573907852172852e-01
3.782196938991546631e-01
3.769463598728179932e-01
3.749275803565979004e-01
3.728051483631134033e-01
3.715132176876068115e-01
3.696426451206207275e-01
3.674695789813995361e-01
3.648173511028289795e-01
3.623967468738555908e-01
3.633306622505187988e-01
3.608359992504119873e-01
3.590625524520874023e-01
3.579214513301849365e-01
3.570706546306610107e-01
3.567592203617095947e-01
3.564318418502807617e-01
3.561488091945648193e-01
3.559122085571289062e-01
3.557467758655548096e-01
3.555899262428283691e-01
3.554739058017730713e-01
3.553268015384674072e-01
3.551060259342193604e-01
3.547829687595367432e-01
3.540954291820526123e-01
3.535718321800231934e-01
3.523544073104858398e-01
4.010393321514129639e-01
3.516120910644531250e-01
3.504372835159301758e-01
3.489286601543426514e-01
3.480975925922393799e-01
3.475019633769989014e-01
3.469637930393218994e-01
3.460103571414947510e-01
3.480252921581268311e-01
3.452116250991821289e-01
3.440461754798889160e-01
3.421249091625213623e-01
3.408928811550140381e-01
3.400682210922241211e-01
3.396708667278289795e-01
3.393906652927398682e-01
3.391615152359008789e-01
3.390017747879028320e-01
3.388801515102386475e-01
3.387841582298278809e-01
3.386883735656738281e-01
3.386031091213226318e-01
3.382449150085449219e-01
3.376249969005584717e-01
3.371638357639312744e-01
3.366430699825286865e-01
3.358317315578460693e-01
3.350334763526916504e-01
3.342588245868682861e-01
3.328347504138946533e-01
3.307902216911315918e-01
3.296025395393371582e-01
3.290255367755889893e-01
3.299527764320373535e-01
3.284296095371246338e-01
3.280426263809204102e-01
3.277930617332458496e-01
3.273225724697113037e-01
3.270030319690704346e-01
3.265703022480010986e-01
3.261823654174804688e-01
3.257825374603271484e-01
3.245653510093688965e-01
3.227122128009796143e-01
3.214367628097534180e-01
3.205544650554656982e-01
3.215690255165100098e-01
3.198539316654205322e-01
3.191192150115966797e-01
3.175056278705596924e-01
3.161373138427734375e-01
3.149731755256652832e-01
3.141459822654724121e-01
3.129000067710876465e-01
3.119116723537445068e-01
3.107382953166961670e-01
3.098690509796142578e-01
3.092929422855377197e-01
3.090005815029144287e-01
3.086544275283813477e-01
3.081430196762084961e-01
3.074987828731536865e-01
3.066462874412536621e-01
3.060582578182220459e-01
3.051895201206207275e-01
3.044525384902954102e-01
3.034493923187255859e-01
3.024466037750244141e-01
3.014412224292755127e-01
3.036328852176666260e-01
3.010105788707733154e-01
3.002384901046752930e-01
2.992417514324188232e-01
2.981983423233032227e-01
2.970902323722839355e-01
2.966861426830291748e-01
2.958768010139465332e-01
2.956142127513885498e-01
2.953865528106689453e-01
2.952138185501098633e-01
2.950483858585357666e-01
2.948969602584838867e-01
2.947168052196502686e-01
2.944946885108947754e-01
2.941895425319671631e-01
2.937886416912078857e-01
2.928895354270935059e-01
2.918811142444610596e-01
2.908409237861633301e-01
2.900291979312896729e-01
2.886936962604522705e-01
2.878266274929046631e-01
2.872388660907745361e-01
2.868171334266662598e-01
2.862709760665893555e-01
2.856008708477020264e-01
2.844397127628326416e-01
2.829252183437347412e-01
2.817706465721130371e-01
2.807560563087463379e-01
2.793394625186920166e-01
2.777137160301208496e-01
2.753729224205017090e-01
2.747403085231781006e-01
2.733583152294158936e-01
2.710993289947509766e-01
2.683281004428863525e-01
2.659342288970947266e-01
2.639231681823730469e-01
2.623785436153411865e-01
2.613223493099212646e-01
2.594959139823913574e-01
2.592705786228179932e-01
2.587362825870513916e-01
2.571597695350646973e-01
2.556509971618652344e-01
2.524288296699523926e-01
2.506608068943023682e-01
2.495061904191970825e-01
2.487961202859878540e-01
2.487175315618515015e-01
2.483854293823242188e-01
2.479328960180282593e-01
2.474445104598999023e-01
2.467448860406875610e-01
2.457479238510131836e-01
2.437795251607894897e-01
2.418638467788696289e-01
2.407711595296859741e-01
2.396206557750701904e-01
2.389209866523742676e-01
2.374917119741439819e-01
2.366838753223419189e-01
2.355389297008514404e-01
2.349666953086853027e-01
2.339765280485153198e-01
2.326951026916503906e-01
2.310669571161270142e-01
2.295943498611450195e-01
2.277530133724212646e-01
2.261932939291000366e-01
2.243039160966873169e-01
2.221099287271499634e-01
2.191416174173355103e-01
2.147617936134338379e-01
2.093436866998672485e-01
2.188937366008758545e-01
2.059947103261947632e-01
2.022429853677749634e-01
2.045343816280364990e-01
1.998748779296875000e-01
1.980301737785339355e-01
1.966613978147506714e-01
1.957221180200576782e-01
1.952856481075286865e-01
1.948884129524230957e-01
1.941058486700057983e-01
1.930164843797683716e-01
1.915559470653533936e-01
1.900626271963119507e-01
1.875123083591461182e-01
1.861505657434463501e-01
1.848183274269104004e-01
1.841292828321456909e-01
1.838030517101287842e-01
1.827898472547531128e-01
1.819470524787902832e-01
1.807161420583724976e-01
1.790655255317687988e-01
1.770887970924377441e-01
1.759735792875289917e-01
1.738691926002502441e-01
1.729280650615692139e-01
1.722833216190338135e-01
1.716550588607788086e-01
1.711581349372863770e-01
1.707254946231842041e-01
1.703830212354660034e-01
1.701684147119522095e-01
1.700163632631301880e-01
1.698621213436126709e-01
1.696854084730148315e-01
1.693646907806396484e-01
1.685288101434707642e-01
1.670003235340118408e-01
1.654407680034637451e-01
1.631484180688858032e-01
1.609450727701187134e-01
1.595900654792785645e-01
1.623667776584625244e-01
1.589757204055786133e-01
1.583345383405685425e-01
1.576087474822998047e-01
1.565695852041244507e-01
1.556590944528579712e-01
1.550267934799194336e-01
1.542157679796218872e-01
1.531526744365692139e-01
1.520969569683074951e-01
1.511115878820419312e-01
1.498239338397979736e-01
1.487411856651306152e-01
1.478015780448913574e-01
1.473374366760253906e-01
1.467508822679519653e-01
1.461404860019683838e-01
1.457675397396087646e-01
1.439818888902664185e-01
1.420670002698898315e-01
1.402943730354309082e-01
1.380077004432678223e-01
1.336439698934555054e-01
1.299910694360733032e-01
1.244140863418579102e-01
1.197229996323585510e-01
1.225655749440193176e-01
1.158446520566940308e-01
1.141657009720802307e-01
1.294535249471664429e-01
1.134495884180068970e-01
1.115682050585746765e-01
1.098416075110435486e-01
1.086320057511329651e-01
1.078428924083709717e-01
1.071776002645492554e-01
1.062636896967887878e-01
1.050878763198852539e-01
1.036662310361862183e-01
1.026356890797615051e-01
1.013393998146057129e-01
9.944077581167221069e-02
9.863708168268203735e-02
9.805890917778015137e-02
9.778378903865814209e-02
9.754737466573715210e-02
9.736693650484085083e-02
9.720439463853836060e-02
9.705681353807449341e-02
9.692128002643585205e-02
9.672823548316955566e-02
9.645699709653854370e-02
9.614377468824386597e-02
9.569436311721801758e-02
9.544837474822998047e-02
9.508638828992843628e-02
9.455168247222900391e-02
9.403533488512039185e-02
9.357572346925735474e-02
9.340114891529083252e-02
9.331111609935760498e-02
9.320411086082458496e-02
9.308036416769027710e-02
9.284061938524246216e-02
9.254619479179382324e-02
9.221083670854568481e-02
9.193354099988937378e-02
9.172175079584121704e-02
9.154424071311950684e-02
9.127570688724517822e-02
9.096598625183105469e-02
9.064251184463500977e-02
9.031371027231216431e-02
9.001895785331726074e-02
8.977469801902770996e-02
8.954176306724548340e-02
8.932079374790191650e-02
8.915954828262329102e-02
8.900811523199081421e-02
8.881557732820510864e-02
8.855032920837402344e-02
8.817134052515029907e-02
8.770023286342620850e-02
8.702392131090164185e-02
8.650579303503036499e-02
8.617282658815383911e-02
8.587563037872314453e-02
8.577731251716613770e-02
8.572950959205627441e-02
8.569206297397613525e-02
8.565393835306167603e-02
8.561487495899200439e-02
8.551096916198730469e-02
8.531185239553451538e-02
8.492504805326461792e-02
8.453789353370666504e-02
8.415308594703674316e-02
8.371213823556900024e-02
8.337911218404769897e-02
8.312446624040603638e-02
8.298442512750625610e-02
8.288882672786712646e-02
8.280374109745025635e-02
8.270348608493804932e-02
8.259768038988113403e-02
8.244697749614715576e-02
8.226144313812255859e-02
8.195486664772033691e-02
8.167754858732223511e-02
8.107835054397583008e-02
8.055350929498672485e-02
8.061160892248153687e-02
8.000516146421432495e-02
7.858366519212722778e-02
7.724547386169433594e-02
7.685692608356475830e-02
7.627388089895248413e-02
7.531668990850448608e-02
7.456568628549575806e-02
7.407259196043014526e-02
7.347267866134643555e-02
7.305299490690231323e-02
7.275557518005371094e-02
7.202745229005813599e-02
7.121084630489349365e-02
7.039710879325866699e-02
6.955493241548538208e-02
6.920332461595535278e-02
6.889326125383377075e-02
6.856901198625564575e-02
6.825163960456848145e-02
6.793585419654846191e-02
6.759085506200790405e-02
6.714691221714019775e-02
6.659619510173797607e-02
6.633595377206802368e-02
6.568724662065505981e-02
6.520526111125946045e-02
6.466929614543914795e-02
6.386706233024597168e-02
6.366107612848281860e-02
6.322387605905532837e-02
6.278368085622787476e-02
6.235837936401367188e-02
6.206358596682548523e-02
6.162216886878013611e-02
6.119972839951515198e-02
6.063110753893852234e-02
6.041344255208969116e-02
6.015758216381072998e-02
5.988763272762298584e-02
5.959463492035865784e-02
5.933341383934020996e-02
5.908075720071792603e-02
5.878151580691337585e-02
5.862779170274734497e-02
5.855622515082359314e-02
5.844025313854217529e-02
5.792210623621940613e-02
5.759254842996597290e-02
5.738066136837005615e-02
5.722920596599578857e-02
5.707674846053123474e-02
5.687255412340164185e-02
5.657133460044860840e-02
5.621004849672317505e-02
5.579897016286849976e-02
5.517121031880378723e-02
5.464321002364158630e-02
5.791141465306282043e-02
5.415857955813407898e-02
5.365007743239402771e-02
5.268135666847229004e-02
5.217942968010902405e-02
5.176883935928344727e-02
5.163003504276275635e-02
5.151243135333061218e-02
5.132883414626121521e-02
5.106949433684349060e-02
5.072050541639328003e-02
5.040341615676879883e-02
5.015081167221069336e-02
4.987867549061775208e-02
4.935963451862335205e-02
4.873614013195037842e-02
4.830069467425346375e-02
4.766727983951568604e-02
4.740941151976585388e-02
4.699107632040977478e-02
4.674875363707542419e-02
4.657336324453353882e-02
4.626644775271415710e-02
4.586322233080863953e-02
4.546475037932395935e-02
4.521602392196655273e-02
4.495044052600860596e-02
4.481466859579086304e-02
4.463994503021240234e-02
4.443350806832313538e-02
4.413391649723052979e-02
4.388171061873435974e-02
4.360257089138031006e-02
4.339236393570899963e-02
4.319991171360015869e-02
4.304010421037673950e-02
4.279265552759170532e-02
4.244586825370788574e-02
4.196891188621520996e-02
4.133108258247375488e-02
4.049380496144294739e-02
3.933242335915565491e-02
3.812060132622718811e-02
3.692698106169700623e-02
3.690453618764877319e-02
3.567584976553916931e-02
3.450288251042366028e-02
3.331172838807106018e-02
3.238897025585174561e-02
3.120144270360469818e-02
3.026114776730537415e-02
2.927148342132568359e-02
2.856861799955368042e-02
2.809038199484348297e-02
2.752897329628467560e-02
2.698479034006595612e-02
2.640630863606929779e-02
2.561011537909507751e-02
2.461540699005126953e-02
2.403513342142105103e-02
2.337544597685337067e-02
2.260183356702327728e-02
2.173485979437828064e-02
2.059230767190456390e-02
1.898660138249397278e-02
1.772879995405673981e-02
1.666523888707160950e-02
1.586494222283363342e-02
2.110929600894451141e-02
1.545679755508899689e-02
1.497529912739992142e-02
1.451214309781789780e-02
1.347339060157537460e-02
1.262725982815027237e-02
1.174138300120830536e-02
1.110801007598638535e-02
1.032636780291795731e-02
9.766661562025547028e-03
9.322036057710647583e-03
8.881620131433010101e-03
8.418721146881580353e-03
7.917353883385658264e-03
7.241209037601947784e-03
6.190307904034852982e-03
4.172743298113346100e-03
7.550362031906843185e-03
1.775456708855926991e-03
-2.763532800599932671e-03
-8.262018673121929169e-03
-1.037420984357595444e-02
-1.236196421086788177e-02
-1.386802736669778824e-02
-1.557848136872053146e-02
-1.651660725474357605e-02
-1.731730438768863678e-02
-1.791924238204956055e-02
-1.890248246490955353e-02
-1.942380890250205994e-02
-2.001661248505115509e-02
-2.051591314375400543e-02
-2.091915532946586609e-02
-2.127731591463088989e-02
-2.166787907481193542e-02
-2.202475257217884064e-02
-2.235970646142959595e-02
-2.331810072064399719e-02
-2.405439503490924835e-02
-2.470128796994686127e-02
-2.523593604564666748e-02
-2.587445452809333801e-02
-2.655978314578533173e-02
-2.775076217949390411e-02
-2.904237061738967896e-02
-3.048078715801239014e-02
-3.188166394829750061e-02
-3.279482573270797729e-02
-3.406699374318122864e-02
-3.468260914087295532e-02
-3.520108759403228760e-02
-3.570717573165893555e-02
-3.589135408401489258e-02
-3.601280599832534790e-02
-3.613983094692230225e-02
-3.632883727550506592e-02
-3.652406111359596252e-02
-3.685596585273742676e-02
-3.716801479458808899e-02
-3.735188022255897522e-02
-3.749730437994003296e-02
-3.768588602542877197e-02
-3.802186995744705200e-02
-3.860107436776161194e-02
-3.924196958541870117e-02
-3.998307883739471436e-02
-4.085918888449668884e-02
-4.205207526683807373e-02
-4.296977818012237549e-02
-4.356077685952186584e-02
-4.387181252241134644e-02
-4.409581422805786133e-02
-4.432185366749763489e-02
-4.456106200814247131e-02
-4.475514590740203857e-02
-4.507766664028167725e-02
-4.577309265732765198e-02
-4.658854752779006958e-02
-4.713988304138183594e-02
-4.755133017897605896e-02
-4.805730655789375305e-02
-4.858746752142906189e-02
-4.917801916599273682e-02
-4.959584400057792664e-02
-4.991314932703971863e-02
-5.016455426812171936e-02
-5.029043927788734436e-02
-5.036816373467445374e-02
-5.043680220842361450e-02
-5.051452293992042542e-02
-5.059827864170074463e-02
-5.072583258152008057e-02
-5.088930949568748474e-02
-5.108222365379333496e-02
-5.132137238979339600e-02
-5.163133889436721802e-02
-5.206840112805366516e-02
-5.249737203121185303e-02
-5.370032414793968201e-02
-5.474329367280006409e-02
-5.617701262235641479e-02
-5.738341808319091797e-02
-5.839675664901733398e-02
-5.884103849530220032e-02
-6.041285023093223572e-02
-6.170476227998733521e-02
-6.254351139068603516e-02
-6.460068374872207642e-02
-6.790409982204437256e-02
-6.935883313417434692e-02
-7.035499811172485352e-02
-7.254151254892349243e-02
-7.713937759399414062e-02
-8.102640509605407715e-02
-8.430261909961700439e-02
-8.519770950078964233e-02
-8.675839006900787354e-02
-8.576674759387969971e-02
-8.752145618200302124e-02
-8.843282610177993774e-02
-8.951824158430099487e-02
-9.192743152379989624e-02
-9.455955773591995239e-02
-9.722560644149780273e-02
-1.003955528140068054e-01
-1.013558208942413330e-01
-1.037343367934226990e-01
-1.073598638176918030e-01
-1.102590411901473999e-01
-1.127303466200828552e-01
-1.129576936364173889e-01
-1.138851642608642578e-01
-1.145696192979812622e-01
-1.150200515985488892e-01
-1.156736239790916443e-01
-1.162945181131362915e-01
-1.173643246293067932e-01
-1.186871007084846497e-01
-1.197670549154281616e-01
-1.207138821482658386e-01
-1.216462999582290649e-01
-1.227433010935783386e-01
-1.233858019113540649e-01
-1.244487687945365906e-01
-1.249349713325500488e-01
-1.251844167709350586e-01
-1.252905875444412231e-01
-1.253982931375503540e-01
-1.255409568548202515e-01
-1.257252395153045654e-01
-1.260474175214767456e-01
-1.265432089567184448e-01
-1.269943118095397949e-01
-1.273368299007415771e-01
-1.276414841413497925e-01
-1.278493851423263550e-01
-1.280236095190048218e-01
-1.283201128244400024e-01
-1.286076307296752930e-01
-1.288393437862396240e-01
-1.291055232286453247e-01
-1.294611543416976929e-01
-1.297899782657623291e-01
-1.301492750644683838e-01
-1.304127722978591919e-01
-1.307321339845657349e-01
-1.309463977813720703e-01
-1.311565339565277100e-01
-1.312877088785171509e-01
-1.313789188861846924e-01
-1.314500272274017334e-01
-1.315117627382278442e-01
-1.315579861402511597e-01
-1.316545158624649048e-01
-1.317637562751770020e-01
-1.318693608045578003e-01
-1.320069730281829834e-01
-1.322271525859832764e-01
-1.325936019420623779e-01
-1.332496702671051025e-01
-1.339848786592483521e-01
-1.353206932544708252e-01
-1.368697136640548706e-01
-1.379147917032241821e-01
-1.384501010179519653e-01
-1.386877894401550293e-01
-1.388107240200042725e-01
-1.389216333627700806e-01
-1.389896422624588013e-01
-1.391212493181228638e-01
-1.393662989139556885e-01
-1.397570669651031494e-01
-1.402194052934646606e-01
-1.407335102558135986e-01
-1.413454264402389526e-01
-1.421129405498504639e-01
-1.428157091140747070e-01
-1.433978378772735596e-01
-1.438324451446533203e-01
-1.441497951745986938e-01
-1.447790116071701050e-01
-1.453997641801834106e-01
-1.459797918796539307e-01
-1.465082019567489624e-01
-1.472243368625640869e-01
-1.479880511760711670e-01
-1.491828560829162598e-01
-1.504140943288803101e-01
-1.511125713586807251e-01
-1.471094340085983276e-01
-1.519950777292251587e-01
-1.518405675888061523e-01
-1.523180752992630005e-01
-1.524824947118759155e-01
-1.526160538196563721e-01
-1.527882814407348633e-01
-1.529732048511505127e-01
-1.531636267900466919e-01
-1.533432900905609131e-01
-1.535383313894271851e-01
-1.537029147148132324e-01
-1.539399623870849609e-01
-1.543040871620178223e-01
-1.547772586345672607e-01
-1.558210849761962891e-01
-1.569163054227828979e-01
-1.552420258522033691e-01
-1.573889851570129395e-01
-1.585489958524703979e-01
-1.597197204828262329e-01
-1.605224907398223877e-01
-1.613089144229888916e-01
-1.617977917194366455e-01
-1.622576117515563965e-01
-1.625221371650695801e-01
-1.626870185136795044e-01
-1.627913117408752441e-01
-1.628488600254058838e-01
-1.628690809011459351e-01
-1.629115343093872070e-01
-1.629620492458343506e-01
-1.630333662033081055e-01
-1.631171703338623047e-01
-1.631930470466613770e-01
-1.632530540227890015e-01
-1.633285731077194214e-01
-1.634050458669662476e-01
-1.634884327650070190e-01
-1.635900586843490601e-01
-1.637449562549591064e-01
-1.639572530984878540e-01
-1.643369048833847046e-01
-1.647945791482925415e-01
-1.655984222888946533e-01
-1.660814434289932251e-01
-1.667213141918182373e-01
-1.670296788215637207e-01
-1.675711125135421753e-01
-1.679969578981399536e-01
-1.685066968202590942e-01
-1.688367575407028198e-01
-1.690918803215026855e-01
-1.692304462194442749e-01
-1.693536490201950073e-01
-1.694747060537338257e-01
-1.696327775716781616e-01
-1.698555350303649902e-01
-1.702765673398971558e-01
-1.707663238048553467e-01
-1.713455021381378174e-01
-1.718414276838302612e-01
-1.717662662267684937e-01
-1.721580773591995239e-01
-1.723662465810775757e-01
-1.726433336734771729e-01
-1.729244738817214966e-01
-1.732126772403717041e-01
-1.734804511070251465e-01
-1.736759394407272339e-01
-1.738036572933197021e-01
-1.738763898611068726e-01
-1.739452332258224487e-01
-1.740068346261978149e-01
-1.740695536136627197e-01
-1.741319000720977783e-01
-1.742502301931381226e-01
-1.744465082883834839e-01
-1.746846139430999756e-01
-1.749233305454254150e-01
-1.751867681741714478e-01
-1.754798889160156250e-01
-1.758763492107391357e-01
-1.763066798448562622e-01
-1.765885800123214722e-01
-1.768195480108261108e-01
-1.770339906215667725e-01
-1.774793118238449097e-01
-1.779425144195556641e-01
-1.782483458518981934e-01
-1.784031242132186890e-01
-1.786007732152938843e-01
-1.788042485713958740e-01
-1.790422350168228149e-01
-1.793257892131805420e-01
-1.796621084213256836e-01
-1.802606135606765747e-01
-1.809470951557159424e-01
-1.816566586494445801e-01
-1.820865124464035034e-01
-1.826467663049697876e-01
-1.833973377943038940e-01
-1.839419752359390259e-01
-1.843432188034057617e-01
-1.846606433391571045e-01
-1.852278560400009155e-01
-1.860145181417465210e-01
-1.868853867053985596e-01
-1.865230351686477661e-01
-1.873526871204376221e-01
-1.881923675537109375e-01
-1.888644397258758545e-01
-1.897268295288085938e-01
-1.905186027288436890e-01
-1.911585479974746704e-01
-1.914671957492828369e-01
-1.918537616729736328e-01
-1.921969503164291382e-01
-1.925527900457382202e-01
-1.928347349166870117e-01
-1.930603832006454468e-01
-1.930100768804550171e-01
-1.931770443916320801e-01
-1.934097409248352051e-01
-1.936369687318801880e-01
-1.939093470573425293e-01
-1.942042112350463867e-01
-1.947273612022399902e-01
-1.954061836004257202e-01
-1.957586109638214111e-01
-1.960026025772094727e-01
-1.967206746339797974e-01
-1.973302066326141357e-01
-1.980372518301010132e-01
-1.989515423774719238e-01
-1.999111324548721313e-01
-2.005137354135513306e-01
-2.012396007776260376e-01
-2.017201483249664307e-01
-2.021577060222625732e-01
-2.023905217647552490e-01
-2.028648555278778076e-01
-2.032681554555892944e-01
-2.036736458539962769e-01
-2.039802223443984985e-01
-2.042514234781265259e-01
-2.044808864593505859e-01
-2.047135233879089355e-01
-2.049356848001480103e-01
-2.050765752792358398e-01
-2.051358520984649658e-01
-2.051765471696853638e-01
-2.052101343870162964e-01
-2.052849978208541870e-01
-2.053888440132141113e-01
-2.052955478429794312e-01
-2.054412215948104858e-01
-2.055891007184982300e-01
-2.057404816150665283e-01
-2.055710256099700928e-01
-2.058274149894714355e-01
-2.059574574232101440e-01
-2.060419470071792603e-01
-2.061293572187423706e-01
-2.062107175588607788e-01
-2.062942832708358765e-01
-2.063804566860198975e-01
-2.064726054668426514e-01
-2.065804302692413330e-01
-2.067102044820785522e-01
-2.069066166877746582e-01
-2.072290778160095215e-01
-2.077326178550720215e-01
-2.086383253335952759e-01
-2.092759311199188232e-01
-2.107032090425491333e-01
-2.115860581398010254e-01
-2.140565365552902222e-01
-2.147582620382308960e-01
-2.141371518373489380e-01
-2.151999920606613159e-01
-2.156866192817687988e-01
-2.161894291639328003e-01
-2.166272103786468506e-01
-2.172250896692276001e-01
-2.182833850383758545e-01
-2.190471291542053223e-01
-2.199599295854568481e-01
-2.204356342554092407e-01
-2.208869308233261108e-01
-2.211853861808776855e-01
-2.213134020566940308e-01
-2.214086800813674927e-01
-2.214844077825546265e-01
-2.215557545423507690e-01
-2.216122448444366455e-01
-2.216593772172927856e-01
-2.217077165842056274e-01
-2.217864841222763062e-01
-2.220075279474258423e-01
-2.224057614803314209e-01
-2.228174358606338501e-01
-2.233642786741256714e-01
-2.241238057613372803e-01
-2.250433415174484253e-01
-2.260096669197082520e-01
-2.271194308996200562e-01
-2.280064076185226440e-01
-2.287291139364242554e-01
-2.294543534517288208e-01
-2.300319224596023560e-01
-2.303904742002487183e-01
-2.305498272180557251e-01
-2.308643907308578491e-01
-2.310526967048645020e-01
-2.312551438808441162e-01
-2.314847707748413086e-01
-2.318212389945983887e-01
-2.323786765336990356e-01
-2.330168485641479492e-01
-2.334964275360107422e-01
-2.342782020568847656e-01
-2.348419129848480225e-01
-2.353064268827438354e-01
-2.360958009958267212e-01
-2.366978526115417480e-01
-2.373072654008865356e-01
-2.379291802644729614e-01
-2.388287037611007690e-01
-2.397338747978210449e-01
-2.409809678792953491e-01
-2.413626611232757568e-01
-2.418862134218215942e-01
-2.423027008771896362e-01
-2.430759966373443604e-01
-2.437918931245803833e-01
-2.442059963941574097e-01
-2.445668429136276245e-01
-2.451142966747283936e-01
-2.454130947589874268e-01
-2.456725239753723145e-01
-2.460871040821075439e-01
-2.468573898077011108e-01
-2.480831593275070190e-01
-2.478634566068649292e-01
-2.489795088768005371e-01
-2.499004900455474854e-01
-2.510109245777130127e-01
-2.517437338829040527e-01
-2.521982192993164062e-01
-2.525523006916046143e-01
-2.530235946178436279e-01
-2.535361647605895996e-01
-2.543925940990447998e-01
-2.553938329219818115e-01
-2.560828626155853271e-01
-2.566013038158416748e-01
-2.570640146732330322e-01
-2.575405240058898926e-01
-2.578250765800476074e-01
-2.581744194030761719e-01
-2.584476172924041748e-01
-2.586694955825805664e-01
-2.589541673660278320e-01
-2.593863606452941895e-01
-2.599106132984161377e-01
-2.609094977378845215e-01
-2.619338035583496094e-01
-2.631002664566040039e-01
-2.644072771072387695e-01
-2.659854888916015625e-01
-2.669939100742340088e-01
-2.681711912155151367e-01
-2.696152925491333008e-01
-2.702681124210357666e-01
-2.710335552692413330e-01
-2.713558971881866455e-01
-2.720227837562561035e-01
-2.725883424282073975e-01
-2.731910049915313721e-01
-2.741813957691192627e-01
-2.753989994525909424e-01
-2.763016521930694580e-01
-2.769908010959625244e-01
-2.781874239444732666e-01
-2.794480323791503906e-01
-2.801209092140197754e-01
-2.804693877696990967e-01
-2.808081507682800293e-01
-2.809126675128936768e-01
-2.810793817043304443e-01
-2.813378274440765381e-01
-2.815519273281097412e-01
-2.819333970546722412e-01
-2.824939489364624023e-01
-2.828940749168395996e-01
-2.832692861557006836e-01
-2.836802899837493896e-01
-2.842401564121246338e-01
-2.846651375293731689e-01
-2.850281596183776855e-01
-2.853747010231018066e-01
-2.858340144157409668e-01
-2.864109277725219727e-01
-2.870737016201019287e-01
-2.876096963882446289e-01
-2.882465720176696777e-01
-2.884406447410583496e-01
-2.886083722114562988e-01
-2.894157171249389648e-01
-2.899958193302154541e-01
-2.907256186008453369e-01
-2.913650870323181152e-01
-2.919793426990509033e-01
-2.925415039062500000e-01
-2.930581569671630859e-01
-2.936580479145050049e-01
-2.942806184291839600e-01
-2.948706150054931641e-01
-2.953874170780181885e-01
-2.958452403545379639e-01
-2.964109182357788086e-01
-2.968803346157073975e-01
-2.971901297569274902e-01
-2.975807487964630127e-01
-2.977828681468963623e-01
-2.980004847049713135e-01
-2.981637418270111084e-01
-2.983066439628601074e-01
-2.985495626926422119e-01
-2.988286614418029785e-01
-2.991252541542053223e-01
-2.995029389858245850e-01
-2.998519241809844971e-01
-3.004350364208221436e-01
-3.010053932666778564e-01
-3.016063272953033447e-01
-3.019350767135620117e-01
-3.022587001323699951e-01
-3.026300668716430664e-01
-3.029194772243499756e-01
-3.032140433788299561e-01
-3.034578859806060791e-01
-3.037523925304412842e-01
-3.041593134403228760e-01
-3.047460019588470459e-01
-3.051849305629730225e-01
-3.054527044296264648e-01
-3.057695031166076660e-01
-3.061117231845855713e-01
-3.064611554145812988e-01
-3.067142069339752197e-01
-3.069968223571777344e-01
-3.072530627250671387e-01
-3.075416982173919678e-01
-3.078450560569763184e-01
-3.081170320510864258e-01
-3.084545433521270752e-01
-3.086551725864410400e-01
-3.089024424552917480e-01
-3.090396821498870850e-01
-3.092128634452819824e-01
-3.093369603157043457e-01
-3.094831109046936035e-01
-3.096116781234741211e-01
-3.097768425941467285e-01
-3.099116384983062744e-01
-3.100432753562927246e-01
-3.101715147495269775e-01
-3.103057444095611572e-01
-3.104755580425262451e-01
-3.106791377067565918e-01
-3.109304606914520264e-01
-3.112192451953887939e-01
-3.114688396453857422e-01
-3.118532598018646240e-01
-3.121701478958129883e-01
-3.124538362026214600e-01
-3.126426041126251221e-01
-3.127365410327911377e-01
-3.128067851066589355e-01
-3.128938674926757812e-01
-3.129963278770446777e-01
-3.130808472633361816e-01
-3.131765127182006836e-01
-3.132694065570831299e-01
-3.133838772773742676e-01
-3.135160207748413086e-01
-3.137337267398834229e-01
-3.140414357185363770e-01
-3.144561052322387695e-01
-3.145998418331146240e-01
-3.147413432598114014e-01
-3.151963055133819580e-01
-3.121399283409118652e-01
-3.154439628124237061e-01
-3.158124387264251709e-01
-3.160908222198486328e-01
-3.163677453994750977e-01
-3.165453076362609863e-01
-3.166852891445159912e-01
-3.168473541736602783e-01
-3.171059489250183105e-01
-3.173050284385681152e-01
-3.176370263099670410e-01
-3.179614245891571045e-01
-3.182613551616668701e-01
-3.185104727745056152e-01
-3.188109397888183594e-01
-3.191601932048797607e-01
-3.193834424018859863e-01
-3.196821212768554688e-01
-3.199938535690307617e-01
-3.203414678573608398e-01
-3.206181228160858154e-01
-3.210171461105346680e-01
-3.213386535644531250e-01
-3.217975199222564697e-01
-3.222247660160064697e-01
-3.225265145301818848e-01
-3.229000568389892578e-01
-3.231634497642517090e-01
-3.235288262367248535e-01
-3.241392672061920166e-01
-3.246501088142395020e-01
-3.250694870948791504e-01
-3.252911567687988281e-01
-3.256208300590515137e-01
-3.257552385330200195e-01
-3.259170055389404297e-01
-3.260461091995239258e-01
-3.261660635471343994e-01
-3.263139128684997559e-01
-3.264724314212799072e-01
-3.266446590423583984e-01
-3.267680704593658447e-01
-3.268652260303497314e-01
-3.270179629325866699e-01
-3.271669149398803711e-01
-3.273106515407562256e-01
-3.274845480918884277e-01
-3.275813162326812744e-01
-3.278264403343200684e-01
-3.281117677688598633e-01
-3.285022079944610596e-01
-3.290805220603942871e-01
-3.297073841094970703e-01
-3.302205502986907959e-01
-3.306035101413726807e-01
-3.309225738048553467e-01
-3.312049210071563721e-01
-3.315694928169250488e-01
-3.318982124328613281e-01
-3.322526216506958008e-01
-3.327183723449707031e-01
-3.331478834152221680e-01
-3.334549367427825928e-01
-3.336657285690307617e-01
-3.338344395160675049e-01
-3.339953124523162842e-01
-3.341369032859802246e-01
-3.343071639537811279e-01
-3.346908092498779297e-01
-3.350468575954437256e-01
-3.353939354419708252e-01
-3.356142640113830566e-01
-3.358928263187408447e-01
-3.362444639205932617e-01
-3.364840447902679443e-01
-3.367641866207122803e-01
-3.370390832424163818e-01
-3.372825384140014648e-01
-3.375558257102966309e-01
-3.378421068191528320e-01
-3.381327688694000244e-01
-3.382357954978942871e-01
-3.385336101055145264e-01
-3.386519551277160645e-01
-3.388403058052062988e-01
-3.391812145709991455e-01
-3.396805822849273682e-01
-3.403556346893310547e-01
-3.404763340950012207e-01
-3.406859338283538818e-01
-3.411130607128143311e-01
-3.416714966297149658e-01
-3.420957326889038086e-01
-3.426587581634521484e-01
-3.431816697120666504e-01
-3.436792194843292236e-01
-3.439880013465881348e-01
-3.447310030460357666e-01
-3.456072211265563965e-01
-3.467435836791992188e-01
-3.476679027080535889e-01
-3.488152325153350830e-01
-3.473750054836273193e-01
-3.497894704341888428e-01
-3.507692217826843262e-01
-3.517853021621704102e-01
-3.528867661952972412e-01
-3.536906242370605469e-01
-3.551283180713653564e-01
-3.553621768951416016e-01
-3.564736843109130859e-01
-3.569493889808654785e-01
-3.572561740875244141e-01
-3.575938642024993896e-01
-3.579327762126922607e-01
-3.582537472248077393e-01
-3.585708737373352051e-01
-3.588142693042755127e-01
-3.589992821216583252e-01
-3.591297268867492676e-01
-3.592201769351959229e-01
-3.593121469020843506e-01
-3.593865334987640381e-01
-3.594647645950317383e-01
-3.595597147941589355e-01
-3.596322238445281982e-01
-3.597743809223175049e-01
-3.600160479545593262e-01
-3.603248596191406250e-01
-3.606877624988555908e-01
-3.608938753604888916e-01
-3.613039255142211914e-01
-3.616763949394226074e-01
-3.619441390037536621e-01
-3.621433675289154053e-01
-3.623453080654144287e-01
-3.626006543636322021e-01
-3.624845147132873535e-01
-3.626764118671417236e-01
-3.628901243209838867e-01
-3.629789948463439941e-01
-3.630929589271545410e-01
-3.631551563739776611e-01
-3.631976544857025146e-01
-3.632325530052185059e-01
-3.632524907588958740e-01
-3.632773756980895996e-01
-3.633073866367340088e-01
-3.633417785167694092e-01
-3.633762300014495850e-01
-3.634181022644042969e-01
-3.634485900402069092e-01
-3.634744286537170410e-01
-3.635069727897644043e-01
-3.635313808917999268e-01
-3.635539114475250244e-01
-3.635933101177215576e-01
-3.636266887187957764e-01
-3.636533319950103760e-01
-3.636897206306457520e-01
-3.637131154537200928e-01
-3.637475967407226562e-01
-3.637607097625732422e-01
-3.637790381908416748e-01
-3.637889623641967773e-01
-3.638032972812652588e-01
-3.638114631175994873e-01
-3.638192415237426758e-01
-3.638255000114440918e-01
-3.638386726379394531e-01
-3.638546466827392578e-01
-3.638793528079986572e-01
-3.639055788516998291e-01
-3.639340400695800781e-01
-3.639614880084991455e-01
-3.639898300170898438e-01
-3.640046119689941406e-01
-3.640324473381042480e-01
-3.640535771846771240e-01
-3.640938103199005127e-01
-3.641266822814941406e-01
-3.641603887081146240e-01
-3.642227351665496826e-01
-3.642912209033966064e-01
-3.643521070480346680e-01
-3.644079864025115967e-01
-3.644103407859802246e-01
-3.644404411315917969e-01
-3.644948601722717285e-01
-3.645390868186950684e-01
-3.645880520343780518e-01
-3.646363019943237305e-01
-3.646893501281738281e-01
-3.647372722625732422e-01
-3.647785186767578125e-01
-3.648236095905303955e-01
-3.648570477962493896e-01
-3.649068176746368408e-01
-3.649415373802185059e-01
-3.649665415287017822e-01
-3.649978339672088623e-01
-3.650243580341339111e-01
-3.650448918342590332e-01
-3.650582730770111084e-01
-3.650741577148437500e-01
-3.650878071784973145e-01
-3.650986254215240479e-01
-3.651100397109985352e-01
-3.651188910007476807e-01
-3.651427328586578369e-01
-3.651697933673858643e-01
-3.651995658874511719e-01
-3.652402758598327637e-01
-3.652849495410919189e-01
-3.653599023818969727e-01
-3.654721677303314209e-01
-3.654474914073944092e-01
-3.655495345592498779e-01
-3.656435310840606689e-01
-3.657379746437072754e-01
-3.658253550529479980e-01
-3.658832311630249023e-01
-3.659433126449584961e-01
-3.659905493259429932e-01
-3.660297095775604248e-01
-3.660508692264556885e-01
-3.660889267921447754e-01
-3.661198616027832031e-01
-3.661610782146453857e-01
-3.662175238132476807e-01
-3.663050532341003418e-01
-3.663897812366485596e-01
-3.665020465850830078e-01
-3.666316866874694824e-01
-3.667819797992706299e-01
-3.669303357601165771e-01
-3.671568036079406738e-01
-3.673490881919860840e-01
-3.675131797790527344e-01
-3.677037954330444336e-01
-3.677840828895568848e-01
-3.679389953613281250e-01
-3.680272400379180908e-01
-3.680778741836547852e-01
-3.681132197380065918e-01
-3.681552708148956299e-01
-3.681881129741668701e-01
-3.682145476341247559e-01
-3.682305812835693359e-01
-3.682500720024108887e-01
-3.682705760002136230e-01
-3.682866692543029785e-01
-3.683081865310668945e-01
-3.683277666568756104e-01
-3.683637678623199463e-01
-3.684226274490356445e-01
-3.684881925582885742e-01
-3.685479760169982910e-01
-3.686281144618988037e-01
-3.687370717525482178e-01
-3.688074350357055664e-01
-3.688732087612152100e-01
-3.689489066600799561e-01
-3.690053224563598633e-01
-3.690648972988128662e-01
-3.691216111183166504e-01
-3.691750168800354004e-01
-3.692052364349365234e-01
-3.692379891872406006e-01
-3.692606687545776367e-01
-3.692668974399566650e-01
-3.693009018898010254e-01
-3.693481087684631348e-01
-3.693953454494476318e-01
-3.694639801979064941e-01
-3.694995045661926270e-01
-3.695625662803649902e-01
-3.695881664752960205e-01
-3.696047961711883545e-01
-3.696504235267639160e-01
-3.696899116039276123e-01
-3.697188794612884521e-01
-3.697474002838134766e-01
-3.697825372219085693e-01
-3.697095215320587158e-01
-3.698084950447082520e-01
-3.698287010192871094e-01
-3.698844313621520996e-01
-3.699152767658233643e-01
-3.699508309364318848e-01
-3.699843287467956543e-01
-3.700212240219116211e-01
-3.700546622276306152e-01
-3.701029121875762939e-01
-3.701154291629791260e-01
-3.701286613941192627e-01
-3.701709508895874023e-01
-3.702009618282318115e-01
-3.702245354652404785e-01
-3.702776134014129639e-01
-3.703217804431915283e-01
-3.703684210777282715e-01
-3.703952133655548096e-01
-3.704388141632080078e-01
-3.704530000686645508e-01
-3.705019950866699219e-01
-3.705484271049499512e-01
-3.706001937389373779e-01
-3.706417977809906006e-01
-3.706823885440826416e-01
-3.707267343997955322e-01
-3.707427382469177246e-01
-3.707751333713531494e-01
-3.708392381668090820e-01
-3.708786368370056152e-01
-3.709247112274169922e-01
-3.709549009799957275e-01
-3.709975183010101318e-01
-3.710587024688720703e-01
-3.711617290973663330e-01
-3.712414503097534180e-01
-3.713096976280212402e-01
-3.713735342025756836e-01
-3.713914453983306885e-01
-3.714118301868438721e-01
-3.714484870433807373e-01
-3.714940547943115234e-01
-3.715452849864959717e-01
-3.715994954109191895e-01
-3.716363012790679932e-01
-3.716793358325958252e-01
-3.717031776905059814e-01
-3.717295229434967041e-01
-3.718004226684570312e-01
-3.718669116497039795e-01
-3.718796372413635254e-01
-3.719611763954162598e-01
-3.720147311687469482e-01
-3.720993995666503906e-01
-3.722237944602966309e-01
-3.723394274711608887e-01
-3.724714517593383789e-01
-3.725496232509613037e-01
-3.726851642131805420e-01
-3.727679252624511719e-01
-3.728677630424499512e-01
-3.729636967182159424e-01
-3.732146620750427246e-01
-3.735592067241668701e-01
-3.738708198070526123e-01
-3.737585842609405518e-01
-3.740353882312774658e-01
-3.742055594921112061e-01
-3.744916617870330811e-01
-3.747304975986480713e-01
-3.748691976070404053e-01
-3.749319911003112793e-01
-3.750185072422027588e-01
-3.750769197940826416e-01
-3.751598298549652100e-01
-3.752433061599731445e-01
-3.753322362899780273e-01
-3.754200041294097900e-01
-3.755393624305725098e-01
-3.756628334522247314e-01
-3.758037686347961426e-01
-3.759149014949798584e-01
-3.759908676147460938e-01
-3.760436475276947021e-01
-3.760908544063568115e-01
-3.761229515075683594e-01
-3.762098848819732666e-01
-3.763263225555419922e-01
-3.764511346817016602e-01
-3.765533566474914551e-01
-3.767053782939910889e-01
-3.768781721591949463e-01
-3.770739436149597168e-01
-3.773123621940612793e-01
-3.776122629642486572e-01
-3.778835535049438477e-01
-3.780942559242248535e-01
-3.782602548599243164e-01
-3.784510195255279541e-01
-3.785585761070251465e-01
-3.786882758140563965e-01
-3.788371980190277100e-01
-3.789666891098022461e-01
-3.790927231311798096e-01
-3.791518509387969971e-01
-3.792224228382110596e-01
-3.793376684188842773e-01
-3.794745206832885742e-01
-3.796289563179016113e-01
-3.798290491104125977e-01
-3.796221315860748291e-01
-3.799069225788116455e-01
-3.800557553768157959e-01
-3.802596926689147949e-01
-3.804893493652343750e-01
-3.806969225406646729e-01
-3.809708654880523682e-01
-3.811903893947601318e-01
-3.813866078853607178e-01
-3.815726041793823242e-01
-3.817575871944427490e-01
-3.818829059600830078e-01
-3.820359706878662109e-01
-3.821355402469635010e-01
-3.822537362575531006e-01
-3.823638856410980225e-01
-3.824572563171386719e-01
-3.825366199016571045e-01
-3.826112151145935059e-01
-3.826754987239837646e-01
-3.827534914016723633e-01
-3.828202784061431885e-01
-3.828974068164825439e-01
-3.829799890518188477e-01
-3.830659985542297363e-01
-3.831548094749450684e-01
-3.832636773586273193e-01
-3.833746016025543213e-01
-3.834777176380157471e-01
-3.835746645927429199e-01
-3.836489915847778320e-01
-3.837401270866394043e-01
-3.838221728801727295e-01
-3.839322030544281006e-01
-3.840649724006652832e-01
-3.841832578182220459e-01
-3.842616677284240723e-01
-3.843324780464172363e-01
-3.843977153301239014e-01
-3.844424784183502197e-01
-3.844887316226959229e-01
-3.845547437667846680e-01
-3.846146762371063232e-01
-3.846935033798217773e-01
-3.847984373569488525e-01
-3.848999738693237305e-01
-3.849757313728332520e-01
-3.850544691085815430e-01
-3.851039707660675049e-01
-3.851584196090698242e-01
-3.852168619632720947e-01
-3.852643668651580811e-01
-3.853272199630737305e-01
-3.854130804538726807e-01
-3.855104148387908936e-01
-3.856112360954284668e-01
-3.857221305370330811e-01
-3.857337534427642822e-01
-3.858041167259216309e-01
-3.859283626079559326e-01
-3.860325515270233154e-01
-3.861653804779052734e-01
-3.863681256771087646e-01
-3.864416778087615967e-01
-3.864896297454833984e-01
-3.867008984088897705e-01
-3.868972063064575195e-01
-3.871681988239288330e-01
-3.873974680900573730e-01
-3.875688016414642334e-01
-3.872700333595275879e-01
-3.877197504043579102e-01
-3.879027664661407471e-01
-3.883797228336334229e-01
-3.891101181507110596e-01
-3.898436725139617920e-01
-3.904623985290527344e-01
-3.858534991741180420e-01
-3.906598985195159912e-01
-3.908692598342895508e-01
-3.911969959735870361e-01
-3.914842009544372559e-01
-3.915963470935821533e-01
-3.918679356575012207e-01
-3.920621871948242188e-01
-3.921663463115692139e-01
-3.923113644123077393e-01
-3.924312591552734375e-01
-3.925800323486328125e-01
-3.927284777164459229e-01
-3.928768336772918701e-01
-3.929801285266876221e-01
-3.930453062057495117e-01
-3.931216895580291748e-01
-3.931885063648223877e-01
-3.932639658451080322e-01
-3.933339416980743408e-01
-3.934294283390045166e-01
-3.934928476810455322e-01
-3.935846388339996338e-01
-3.936838805675506592e-01
-3.937932550907135010e-01
-3.939153850078582764e-01
-3.939925432205200195e-01
-3.940749168395996094e-01
-3.941290080547332764e-01
-3.941898047924041748e-01
-3.942227065563201904e-01
-3.942530155181884766e-01
-3.942902386188507080e-01
-3.943407833576202393e-01
-3.944042921066284180e-01
-3.944777250289916992e-01
-3.945833742618560791e-01
-3.947086632251739502e-01
-3.948955535888671875e-01
-3.951190114021301270e-01
-3.954122066497802734e-01
-3.957551717758178711e-01
-3.960580527782440186e-01
-3.963555097579956055e-01
-3.966166377067565918e-01
-3.968329429626464844e-01
-3.971082866191864014e-01
-3.973244726657867432e-01
-3.975144326686859131e-01
-3.976790606975555420e-01
-3.977930545806884766e-01
-3.979833424091339111e-01
-3.980843424797058105e-01
-3.982174694538116455e-01
-3.983289301395416260e-01
-3.984341621398925781e-01
-3.985344171524047852e-01
-3.986092209815979004e-01
-3.987306654453277588e-01
-3.988541960716247559e-01
-3.990521728992462158e-01
-3.990595042705535889e-01
-3.991402089595794678e-01
-3.993273377418518066e-01
-3.994843363761901855e-01
-3.995993137359619141e-01
-3.996839225292205811e-01
-3.997589647769927979e-01
-3.998502790927886963e-01
-3.999660611152648926e-01
-4.000805020332336426e-01
-4.002980291843414307e-01
-4.006026387214660645e-01
-4.007993936538696289e-01
-4.010263681411743164e-01
-4.012624919414520264e-01
-4.014813303947448730e-01
-4.017536640167236328e-01
-4.021151959896087646e-01
-4.024446606636047363e-01
-4.026757478713989258e-01
-4.028284847736358643e-01
-4.030112028121948242e-01
-4.031160175800323486e-01
-4.031901955604553223e-01
-4.032961130142211914e-01
-4.034366905689239502e-01
-4.032921791076660156e-01
-4.035114645957946777e-01
-4.037394523620605469e-01
-4.040167629718780518e-01
-4.045037925243377686e-01
-4.053744375705718994e-01
-4.063752889633178711e-01
-4.067578315734863281e-01
-4.071091115474700928e-01
-4.072625637054443359e-01
-4.075740873813629150e-01
-4.077854752540588379e-01
-4.079650342464447021e-01
-4.081373214721679688e-01
-4.083208143711090088e-01
-4.085389375686645508e-01
-4.088185429573059082e-01
-4.092178940773010254e-01
-4.095995724201202393e-01
-4.104932248592376709e-01
-4.111800491809844971e-01
-4.117743968963623047e-01
-4.126591980457305908e-01
-4.128619432449340820e-01
-4.132656157016754150e-01
-4.135089516639709473e-01
-4.136667549610137939e-01
-4.139162600040435791e-01
-4.142696261405944824e-01
-4.145647585391998291e-01
-4.147871434688568115e-01
-4.149941802024841309e-01
-4.151069819927215576e-01
-4.152709841728210449e-01
-4.154321551322937012e-01
-4.155526459217071533e-01
-4.156167209148406982e-01
-4.157053232192993164e-01
-4.158168733119964600e-01
-4.159091711044311523e-01
-4.160335063934326172e-01
-4.161649942398071289e-01
-4.163238406181335449e-01
-4.165055751800537109e-01
-4.167464375495910645e-01
-4.169795513153076172e-01
-4.172005653381347656e-01
-4.173888862133026123e-01
-4.175752401351928711e-01
-4.177360534667968750e-01
-4.180856347084045410e-01
-4.183112084865570068e-01
-4.185589253902435303e-01
-4.187150895595550537e-01
-4.187772274017333984e-01
-4.188243150711059570e-01
-4.188845455646514893e-01
-4.189375042915344238e-01
-4.190137982368469238e-01
-4.191020429134368896e-01
-4.192192554473876953e-01
-4.194082319736480713e-01
-4.196515083312988281e-01
-4.199656844139099121e-01
-4.202356934547424316e-01
-4.204913973808288574e-01
-4.206285178661346436e-01
-4.207411110401153564e-01
-4.209156632423400879e-01
-4.211312234401702881e-01
-4.213874936103820801e-01
-4.217177927494049072e-01
-4.218861162662506104e-01
-4.221331775188446045e-01
-4.224346578121185303e-01
-4.228096008300781250e-01
-4.231635332107543945e-01
-4.232423305511474609e-01
-4.234858155250549316e-01
-4.236883819103240967e-01
-4.237660467624664307e-01
-4.239020645618438721e-01
-4.240729808807373047e-01
-4.242056608200073242e-01
-4.243049621582031250e-01
-4.243646860122680664e-01
-4.244401454925537109e-01
-4.244986772537231445e-01
-4.245657622814178467e-01
-4.246378839015960693e-01
-4.247160851955413818e-01
-4.247736930847167969e-01
-4.248531460762023926e-01
-4.249188899993896484e-01
-4.249849319458007812e-01
-4.250546097755432129e-01
-4.251283109188079834e-01
-4.252166748046875000e-01
-4.252798557281494141e-01
-4.253789782524108887e-01
-4.254688024520874023e-01
-4.255620241165161133e-01
-4.256473779678344727e-01
-4.257321655750274658e-01
-4.258141219615936279e-01
-4.259032905101776123e-01
-4.260298013687133789e-01
-4.261625111103057861e-01
-4.262778759002685547e-01
-4.263523519039154053e-01
-4.264198243618011475e-01
-4.265162050724029541e-01
-4.266102910041809082e-01
-4.267155528068542480e-01
-4.268135726451873779e-01
-4.269090294837951660e-01
-4.269649386405944824e-01
-4.270288646221160889e-01
-4.271477162837982178e-01
-4.272314310073852539e-01
-4.273647367954254150e-01
-4.274359643459320068e-01
-4.276282787322998047e-01
-4.277870357036590576e-01
-4.279104769229888916e-01
-4.281281828880310059e-01
-4.285159111022949219e-01
-4.287810027599334717e-01
-4.289903044700622559e-01
-4.291854500770568848e-01
-4.294196367263793945e-01
-4.296176135540008545e-01
-4.299072623252868652e-01
-4.300663769245147705e-01
-4.302937090396881104e-01
-4.304739534854888916e-01
-4.306203126907348633e-01
-4.308222830295562744e-01
-4.311036169528961182e-01
-4.313494563102722168e-01
-4.314943253993988037e-01
-4.315938949584960938e-01
-4.317263960838317871e-01
-4.318662881851196289e-01
-4.320629239082336426e-01
-4.322384893894195557e-01
-4.323803186416625977e-01
-4.324699342250823975e-01
-4.325381219387054443e-01
-4.326037764549255371e-01
-4.326657652854919434e-01
-4.327059388160705566e-01
-4.327418506145477295e-01
-4.327821731567382812e-01
-4.328177869319915771e-01
-4.328947067260742188e-01
-4.330023825168609619e-01
-4.331646561622619629e-01
-4.333099722862243652e-01
-4.335766434669494629e-01
-4.336093068122863770e-01
-4.338013231754302979e-01
-4.342882335186004639e-01
-4.339138269424438477e-01
-4.346431195735931396e-01
-4.352354407310485840e-01
-4.355232715606689453e-01
-4.357543587684631348e-01
-4.358695745468139648e-01
-4.359192550182342529e-01
-4.360098838806152344e-01
-4.361222386360168457e-01
-4.362398386001586914e-01
-4.363536536693572998e-01
-4.365242123603820801e-01
-4.366518557071685791e-01
-4.367837309837341309e-01
-4.370321333408355713e-01
-4.372102320194244385e-01
-4.372843503952026367e-01
-4.374349713325500488e-01
-4.375066757202148438e-01
-4.375809133052825928e-01
-4.376877844333648682e-01
-4.378590583801269531e-01
-4.380675554275512695e-01
-4.382845163345336914e-01
-4.384938776493072510e-01
-4.387128651142120361e-01
-4.388332366943359375e-01
-4.389349520206451416e-01
-4.389756023883819580e-01
-4.390066862106323242e-01
-4.390360713005065918e-01
-4.390578567981719971e-01
-4.390697181224822998e-01
-4.390891492366790771e-01
-4.391041696071624756e-01
-4.391112029552459717e-01
-4.391279220581054688e-01
-4.391576051712036133e-01
-4.391851425170898438e-01
-4.392104744911193848e-01
-4.392450451850891113e-01
-4.392655491828918457e-01
-4.392858743667602539e-01
-4.393061399459838867e-01
-4.393157958984375000e-01
-4.393501281738281250e-01
-4.393741190433502197e-01
-4.394097924232482910e-01
-4.394374191761016846e-01
-4.395079016685485840e-01
-4.395799934864044189e-01
-4.396795928478240967e-01
-4.397942721843719482e-01
-4.399094879627227783e-01
-4.400222897529602051e-01
-4.401327967643737793e-01
-4.401893317699432373e-01
-4.403231441974639893e-01
-4.404579699039459229e-01
-4.405587315559387207e-01
-4.406525492668151855e-01
-4.407289624214172363e-01
-4.407881498336791992e-01
-4.408228397369384766e-01
-4.408477544784545898e-01
-4.408611059188842773e-01
-4.408697485923767090e-01
-4.408893883228302002e-01
-4.409064054489135742e-01
-4.409420192241668701e-01
-4.409985840320587158e-01
-4.410757124423980713e-01
-4.411635100841522217e-01
-4.412696063518524170e-01
-4.413897693157196045e-01
-4.415144622325897217e-01
-4.416534900665283203e-01
-4.417526721954345703e-01
-4.418625235557556152e-01
-4.419445991516113281e-01
-4.420205950736999512e-01
-4.421038329601287842e-01
-4.421781301498413086e-01
-4.422512948513031006e-01
-4.423322081565856934e-01
-4.424006938934326172e-01
-4.424613118171691895e-01
-4.425118267536163330e-01
-4.425495266914367676e-01
-4.426026344299316406e-01
-4.426723122596740723e-01
-4.427491128444671631e-01
-4.428143799304962158e-01
-4.428958594799041748e-01
-4.429859817028045654e-01
-4.430864751338958740e-01
-4.432051479816436768e-01
-4.433153867721557617e-01
-4.433710873126983643e-01
-4.434485435485839844e-01
-4.435171186923980713e-01
-4.435575306415557861e-01
-4.435816109180450439e-01
-4.436331689357757568e-01
-4.436592757701873779e-01
-4.437186121940612793e-01
-4.438154995441436768e-01
-4.439616203308105469e-01
-4.440826475620269775e-01
-4.441393017768859863e-01
-4.441730082035064697e-01
-4.442569911479949951e-01
-4.443776607513427734e-01
-4.444543421268463135e-01
-4.445812404155731201e-01
-4.446480572223663330e-01
-4.447565972805023193e-01
-4.448158740997314453e-01
-4.448941349983215332e-01
-4.449503123760223389e-01
-4.450283944606781006e-01
-4.450998902320861816e-01
-4.451800286769866943e-01
-4.452290236949920654e-01
-4.453021585941314697e-01
-4.453575611114501953e-01
-4.454524219036102295e-01
-4.456070661544799805e-01
-4.457158446311950684e-01
-4.458503127098083496e-01
-4.459846317768096924e-01
-4.460795819759368896e-01
-4.462044537067413330e-01
-4.463273286819458008e-01
-4.463860690593719482e-01
-4.464236795902252197e-01
-4.464353322982788086e-01
-4.464624226093292236e-01
-4.464810788631439209e-01
-4.464796185493469238e-01
-4.464775919914245605e-01
-4.464789032936096191e-01
-4.464791119098663330e-01
-4.464809000492095947e-01
-4.464810788631439209e-01
