2.514572143554687500e+00
2.478141784667968750e+00
2.135388135910034180e+00
2.006380319595336914e+00
1.924309015274047852e+00
1.748015999794006348e+00
1.331092834472656250e+00
1.408788800239562988e+00
1.275335788726806641e+00
1.273260116577148438e+00
1.271921634674072266e+00
1.267099142074584961e+00
1.259433984756469727e+00
1.250047445297241211e+00
1.237902641296386719e+00
1.212311506271362305e+00
1.193632125854492188e+00
1.188724279403686523e+00
1.179721951484680176e+00
1.183888435363769531e+00
1.149403214454650879e+00
1.140089392662048340e+00
1.109891057014465332e+00
1.099846601486206055e+00
1.082191705703735352e+00
9.953382015228271484e-01
1.025694251060485840e+00
9.645296931266784668e-01
9.355564117431640625e-01
8.658746480941772461e-01
8.310754299163818359e-01
8.051131367683410645e-01
7.850788831710815430e-01
7.403585910797119141e-01
6.918453574180603027e-01
6.756233572959899902e-01
6.679679751396179199e-01
6.621500253677368164e-01
6.540814638137817383e-01
6.411144137382507324e-01
6.136202812194824219e-01
5.941540598869323730e-01
5.862158536911010742e-01
5.764512419700622559e-01
5.674297213554382324e-01
5.615780353546142578e-01
5.577126145362854004e-01
5.546197891235351562e-01
5.509241223335266113e-01
5.487300157546997070e-01
5.472894906997680664e-01
5.463310480117797852e-01
5.456944108009338379e-01
5.453675985336303711e-01
5.448048114776611328e-01
5.439255833625793457e-01
5.430989861488342285e-01
5.427869558334350586e-01
5.426683425903320312e-01
5.424607396125793457e-01
5.419005751609802246e-01
5.408589243888854980e-01
5.392877459526062012e-01
5.375941991806030273e-01
5.364918708801269531e-01
5.354765653610229492e-01
5.348704457283020020e-01
5.345205068588256836e-01
5.342118144035339355e-01
5.340113043785095215e-01
5.338606238365173340e-01
5.337113142013549805e-01
5.335001945495605469e-01
5.332266688346862793e-01
5.327998995780944824e-01
5.319681167602539062e-01
5.312973856925964355e-01
5.304430723190307617e-01
5.300264358520507812e-01
5.296640396118164062e-01
5.292521119117736816e-01
5.288150906562805176e-01
5.277945995330810547e-01
5.264915227890014648e-01
5.256547331809997559e-01
5.249634981155395508e-01
5.232131481170654297e-01
5.147117376327514648e-01
9.299439787864685059e-01
5.119146108627319336e-01
5.142616629600524902e-01
5.084215402603149414e-01
5.097742676734924316e-01
5.081808567047119141e-01
5.080973505973815918e-01
5.078476667404174805e-01
5.077180862426757812e-01
5.076780915260314941e-01
5.075826048851013184e-01
5.075169205665588379e-01
5.074784159660339355e-01
5.074491500854492188e-01
5.074149966239929199e-01
5.073675513267517090e-01
5.072804093360900879e-01
5.071241855621337891e-01
5.068573355674743652e-01
5.066136121749877930e-01
5.061041116714477539e-01
5.055737495422363281e-01
5.046058893203735352e-01
5.037975907325744629e-01
5.033660531044006348e-01
5.032215118408203125e-01
5.029372572898864746e-01
5.024230480194091797e-01
5.018854141235351562e-01
5.015013217926025391e-01
5.010713338851928711e-01
5.008088946342468262e-01
5.003756880760192871e-01
4.998878240585327148e-01
4.998440742492675781e-01
4.995511174201965332e-01
4.990540742874145508e-01
4.986931085586547852e-01
4.982149899005889893e-01
4.980380237102508545e-01
4.978930056095123291e-01
4.977360665798187256e-01
4.975224733352661133e-01
4.973063468933105469e-01
4.970557093620300293e-01
4.966635107994079590e-01
4.961541295051574707e-01
4.953010082244873047e-01
4.940481781959533691e-01
4.930732250213623047e-01
4.918815195560455322e-01
4.897230565547943115e-01
4.869708120822906494e-01
4.848989546298980713e-01
4.834440350532531738e-01
4.898760914802551270e-01
4.811018407344818115e-01
4.807630777359008789e-01
4.797604978084564209e-01
4.784615039825439453e-01
4.769887328147888184e-01
4.751718342304229736e-01
4.740226566791534424e-01
4.725495278835296631e-01
4.710826873779296875e-01
4.681750535964965820e-01
4.714720547199249268e-01
4.668115079402923584e-01
4.645397961139678955e-01
4.638312757015228271e-01
4.633942246437072754e-01
4.629150331020355225e-01
4.624207615852355957e-01
4.614763855934143066e-01
4.601335823535919189e-01
4.592870175838470459e-01
4.579311907291412354e-01
4.562906324863433838e-01
4.542764127254486084e-01
4.532348215579986572e-01
4.521764516830444336e-01
4.518207907676696777e-01
4.515027701854705811e-01
4.512242972850799561e-01
4.508438408374786377e-01
4.504114091396331787e-01
4.498771727085113525e-01
4.489620029926300049e-01
4.478433430194854736e-01
4.472877681255340576e-01
4.466044604778289795e-01
4.456777870655059814e-01
4.444326162338256836e-01
4.428047835826873779e-01
4.407482445240020752e-01
4.382761716842651367e-01
4.388226866722106934e-01
4.372152686119079590e-01
4.348720908164978027e-01
4.332633912563323975e-01
4.293324947357177734e-01
4.263109266757965088e-01
4.253255426883697510e-01
4.255332946777343750e-01
4.249225556850433350e-01
4.242305457592010498e-01
4.237744212150573730e-01
4.235027134418487549e-01
4.227640330791473389e-01
4.222515225410461426e-01
4.214636683464050293e-01
4.199151992797851562e-01
4.166600406169891357e-01
4.126480519771575928e-01
4.281492531299591064e-01
4.108309745788574219e-01
4.096271693706512451e-01
4.080851376056671143e-01
4.065644443035125732e-01
4.044514894485473633e-01
4.017307758331298828e-01
4.010491371154785156e-01
4.004444181919097900e-01
4.002907872200012207e-01
3.999550640583038330e-01
3.993422091007232666e-01
3.987174332141876221e-01
3.980871438980102539e-01
3.974921703338623047e-01
3.968510627746582031e-01
3.953954577445983887e-01
3.946185410022735596e-01
3.923191428184509277e-01
3.907750844955444336e-01
3.895379602909088135e-01
3.886964619159698486e-01
3.881246745586395264e-01
3.876208364963531494e-01
3.869259357452392578e-01
3.859544396400451660e-01
3.849560618400573730e-01
3.838868141174316406e-01
3.832027018070220947e-01
3.825412392616271973e-01
3.821308612823486328e-01
3.818301260471343994e-01
3.814800679683685303e-01
3.810699880123138428e-01
3.805789053440093994e-01
3.799772262573242188e-01
3.789093196392059326e-01
3.773828744888305664e-01
3.753508329391479492e-01
3.737675845623016357e-01
3.730395138263702393e-01
3.716072738170623779e-01
3.708808124065399170e-01
3.697196841239929199e-01
3.678477406501770020e-01
3.662766814231872559e-01
3.651488125324249268e-01
3.643304407596588135e-01
3.634338080883026123e-01
3.622820079326629639e-01
3.609452843666076660e-01
3.600741624832153320e-01
3.589742481708526611e-01
3.575837910175323486e-01
3.564583659172058105e-01
3.549502193927764893e-01
3.542465865612030029e-01
3.539409935474395752e-01
3.536358177661895752e-01
3.533158898353576660e-01
3.529678285121917725e-01
3.527548015117645264e-01
3.523347675800323486e-01
3.517767190933227539e-01
3.514151573181152344e-01
3.511175513267517090e-01
3.506068885326385498e-01
3.499911725521087646e-01
3.493304550647735596e-01
3.487071692943572998e-01
3.481244444847106934e-01
3.475821018218994141e-01
3.470340967178344727e-01
3.464955985546112061e-01
3.461001515388488770e-01
3.457460701465606689e-01
3.453689813613891602e-01
3.450034558773040771e-01
3.446692824363708496e-01
3.443188667297363281e-01
3.439080715179443359e-01
3.434325158596038818e-01
3.431397974491119385e-01
3.427206575870513916e-01
3.424335122108459473e-01
3.421806097030639648e-01
3.419395387172698975e-01
3.416766822338104248e-01
3.413224220275878906e-01
3.404345214366912842e-01
3.393131196498870850e-01
3.384717106819152832e-01
3.371393680572509766e-01
3.366726636886596680e-01
3.360311388969421387e-01
3.354001045227050781e-01
3.348907232284545898e-01
3.344665765762329102e-01
3.339186608791351318e-01
3.332753777503967285e-01
3.324149847030639648e-01
3.315950036048889160e-01
3.307832479476928711e-01
3.300365805625915527e-01
3.290126323699951172e-01
3.283492028713226318e-01
3.273354470729827881e-01
3.257326185703277588e-01
3.244059681892395020e-01
3.218031823635101318e-01
3.209271132946014404e-01
3.198947310447692871e-01
3.190737366676330566e-01
3.188301026821136475e-01
3.186011612415313721e-01
3.181864619255065918e-01
3.176088929176330566e-01
3.169169127941131592e-01
3.161130249500274658e-01
3.152569830417633057e-01
3.142461478710174561e-01
3.136616945266723633e-01
3.130064010620117188e-01
3.124836981296539307e-01
3.119724094867706299e-01
3.114620745182037354e-01
3.109184205532073975e-01
3.103244602680206299e-01
3.097659647464752197e-01
3.086744248867034912e-01
3.073917031288146973e-01
3.055390417575836182e-01
3.045569956302642822e-01
3.034113943576812744e-01
3.027065396308898926e-01
3.017407655715942383e-01
3.009934425354003906e-01
3.004246652126312256e-01
2.996957898139953613e-01
2.988017797470092773e-01
2.978172600269317627e-01
2.970227301120758057e-01
2.984760999679565430e-01
2.966660261154174805e-01
2.960304319858551025e-01
2.956525087356567383e-01
2.953405082225799561e-01
2.950278222560882568e-01
2.947871983051300049e-01
2.945147454738616943e-01
2.940873503684997559e-01
2.936696410179138184e-01
2.933423221111297607e-01
2.930455207824707031e-01
2.927164733409881592e-01
2.919430732727050781e-01
2.902959883213043213e-01
2.882214784622192383e-01
2.856329679489135742e-01
2.810304760932922363e-01
2.796223163604736328e-01
2.839609384536743164e-01
2.790465652942657471e-01
2.782711088657379150e-01
2.770311832427978516e-01
2.751104831695556641e-01
2.732241749763488770e-01
2.712061107158660889e-01
2.694176137447357178e-01
2.677819430828094482e-01
2.667536437511444092e-01
2.649803459644317627e-01
2.619093358516693115e-01
2.579120695590972900e-01
2.557630538940429688e-01
2.544034123420715332e-01
2.530850470066070557e-01
2.516180872917175293e-01
2.494641840457916260e-01
2.464793771505355835e-01
2.437831610441207886e-01
2.418231368064880371e-01
2.409063279628753662e-01
2.402475029230117798e-01
2.395434975624084473e-01
2.381368577480316162e-01
2.360150516033172607e-01
2.333228588104248047e-01
2.300985753536224365e-01
2.261552810668945312e-01
2.235928177833557129e-01
2.222696840763092041e-01
2.196669578552246094e-01
2.181153744459152222e-01
2.170365601778030396e-01
2.158317267894744873e-01
2.147174626588821411e-01
2.139241993427276611e-01
2.130570411682128906e-01
2.118830531835556030e-01
2.099423408508300781e-01
2.078791409730911255e-01
2.133651375770568848e-01
2.069301158189773560e-01
2.060986310243606567e-01
2.054114639759063721e-01
2.046768665313720703e-01
2.040118426084518433e-01
2.033132165670394897e-01
2.026094049215316772e-01
2.018995583057403564e-01
2.002500593662261963e-01
1.985105425119400024e-01
1.963816434144973755e-01
1.943349838256835938e-01
2.006393373012542725e-01
1.932974904775619507e-01
1.923994421958923340e-01
1.910973936319351196e-01
1.903078407049179077e-01
1.899522095918655396e-01
1.898160278797149658e-01
1.897012442350387573e-01
1.895475536584854126e-01
1.891853064298629761e-01
1.886636018753051758e-01
1.880659162998199463e-01
1.873191595077514648e-01
1.859523802995681763e-01
1.822904646396636963e-01
1.790464073419570923e-01
1.746473163366317749e-01
1.704968065023422241e-01
1.755016893148422241e-01
1.693650782108306885e-01
1.639179140329360962e-01
1.605255007743835449e-01
1.591652035713195801e-01
1.586434245109558105e-01
1.580974608659744263e-01
1.578108668327331543e-01
1.573503017425537109e-01
1.567565947771072388e-01
1.560734957456588745e-01
1.553533226251602173e-01
1.544090807437896729e-01
1.533553153276443481e-01
1.524150073528289795e-01
1.517490893602371216e-01
1.514842063188552856e-01
1.510365605354309082e-01
1.506896913051605225e-01
1.503713876008987427e-01
1.500604003667831421e-01
1.497403234243392944e-01
1.493751555681228638e-01
1.489826142787933350e-01
1.487139463424682617e-01
1.485206782817840576e-01
1.484270393848419189e-01
1.483709812164306641e-01
1.483156085014343262e-01
1.482466161251068115e-01
1.481488198041915894e-01
1.480277031660079956e-01
1.478604376316070557e-01
1.476590037345886230e-01
1.473686695098876953e-01
1.470457166433334351e-01
1.468401253223419189e-01
1.462372541427612305e-01
1.457383781671524048e-01
1.452081054449081421e-01
1.442470103502273560e-01
1.438378542661666870e-01
1.435589194297790527e-01
1.433539688587188721e-01
1.432001292705535889e-01
1.430923789739608765e-01
1.430129408836364746e-01
1.429575830698013306e-01
1.429060548543930054e-01
1.428568810224533081e-01
1.427849680185317993e-01
1.426726728677749634e-01
1.425298452377319336e-01
1.423289328813552856e-01
1.419815868139266968e-01
1.414350122213363647e-01
1.408934891223907471e-01
1.403663754463195801e-01
1.399116814136505127e-01
1.396617740392684937e-01
1.394319981336593628e-01
1.392825841903686523e-01
1.391709148883819580e-01
1.390947103500366211e-01
1.390387415885925293e-01
1.389998048543930054e-01
1.389484107494354248e-01
1.388911455869674683e-01
1.388167291879653931e-01
1.387193500995635986e-01
1.385866552591323853e-01
1.383718252182006836e-01
1.380843371152877808e-01
1.376879662275314331e-01
1.373313069343566895e-01
1.367548108100891113e-01
1.363224238157272339e-01
1.353887468576431274e-01
1.353068947792053223e-01
1.351239234209060669e-01
1.346690356731414795e-01
1.344033330678939819e-01
1.341535300016403198e-01
1.339079737663269043e-01
1.336254626512527466e-01
1.333593875169754028e-01
1.329632550477981567e-01
1.322705596685409546e-01
1.316811293363571167e-01
1.310024559497833252e-01
1.303364634513854980e-01
1.298007369041442871e-01
1.293621808290481567e-01
1.291873306035995483e-01
1.290251612663269043e-01
1.286119669675827026e-01
1.280417144298553467e-01
1.276846975088119507e-01
1.274274140596389771e-01
1.268676370382308960e-01
1.269654631614685059e-01
1.265509575605392456e-01
1.263041943311691284e-01
1.260943561792373657e-01
1.257982254028320312e-01
1.255006641149520874e-01
1.252195090055465698e-01
1.247895807027816772e-01
1.244632601737976074e-01
1.242213323712348938e-01
1.242626756429672241e-01
1.241599991917610168e-01
1.240174844861030579e-01
1.239084824919700623e-01
1.236992701888084412e-01
1.234923750162124634e-01
1.233274713158607483e-01
1.232136487960815430e-01
1.231437847018241882e-01
1.230365559458732605e-01
1.229609623551368713e-01
1.228125244379043579e-01
1.226635202765464783e-01
1.225102916359901428e-01
1.223959848284721375e-01
1.222262084484100342e-01
1.220961958169937134e-01
1.219484359025955200e-01
1.218100860714912415e-01
1.213461905717849731e-01
1.206834763288497925e-01
1.198510900139808655e-01
1.191112846136093140e-01
1.183114349842071533e-01
1.602902561426162720e-01
1.178041994571685791e-01
1.170796751976013184e-01
1.162428408861160278e-01
1.154789626598358154e-01
1.150461882352828979e-01
1.148487627506256104e-01
1.147056668996810913e-01
1.145587861537933350e-01
1.144350096583366394e-01
1.143688932061195374e-01
1.143425554037094116e-01
1.142430752515792847e-01
1.140486225485801697e-01
1.138281896710395813e-01
1.135468631982803345e-01
1.132523864507675171e-01
1.128230243921279907e-01
1.124515384435653687e-01
1.120267361402511597e-01
1.118416935205459595e-01
1.117143034934997559e-01
1.116213798522949219e-01
1.114363297820091248e-01
1.112054660916328430e-01
1.109373569488525391e-01
1.107390895485877991e-01
1.104983836412429810e-01
1.102899610996246338e-01
1.101258322596549988e-01
1.099896132946014404e-01
1.098711192607879639e-01
1.096874475479125977e-01
1.096113920211791992e-01
1.095564439892768860e-01
1.093148812651634216e-01
1.090509146451950073e-01
1.088536754250526428e-01
1.087436601519584656e-01
1.086514368653297424e-01
1.086382940411567688e-01
1.086062863469123840e-01
1.085718497633934021e-01
1.084973737597465515e-01
1.083739176392555237e-01
1.081670522689819336e-01
1.078592911362648010e-01
1.074564158916473389e-01
1.069914549589157104e-01
1.063349023461341858e-01
1.058207750320434570e-01
1.054599434137344360e-01
1.051969975233078003e-01
1.049159988760948181e-01
1.046690717339515686e-01
1.044893339276313782e-01
1.043429896235466003e-01
1.042285263538360596e-01
1.041283309459686279e-01
1.040611118078231812e-01
1.039603501558303833e-01
1.038812398910522461e-01
1.037344485521316528e-01
1.034984812140464783e-01
1.032582595944404602e-01
1.030095294117927551e-01
1.030567809939384460e-01
1.028510853648185730e-01
1.027036532759666443e-01
1.024152711033821106e-01
1.021801382303237915e-01
1.020247489213943481e-01
1.019942909479141235e-01
1.019436940550804138e-01
1.019274368882179260e-01
1.019014790654182434e-01
1.018845736980438232e-01
1.018685624003410339e-01
1.018508300185203552e-01
1.018059477210044861e-01
1.017608940601348877e-01
1.016482114791870117e-01
1.014742627739906311e-01
1.012511700391769409e-01
1.009911969304084778e-01
1.006766259670257568e-01
1.002785339951515198e-01
1.000911295413970947e-01
9.984724968671798706e-02
9.967385977506637573e-02
9.950084984302520752e-02
9.936467558145523071e-02
9.927261620759963989e-02
9.922207146883010864e-02
9.918503463268280029e-02
9.916142374277114868e-02
9.914605319499969482e-02
9.912903606891632080e-02
9.910039603710174561e-02
9.906837344169616699e-02
9.900338202714920044e-02
9.893536567687988281e-02
9.887723624706268311e-02
9.881097078323364258e-02
9.877410531044006348e-02
9.869302064180374146e-02
9.861885011196136475e-02
9.852890670299530029e-02
9.842106699943542480e-02
9.831663221120834351e-02
9.826667606830596924e-02
9.822522103786468506e-02
9.818165749311447144e-02
9.814997762441635132e-02
9.811384230852127075e-02
9.809224307537078857e-02
9.807315468788146973e-02
9.803515672683715820e-02
9.798040986061096191e-02
9.791335463523864746e-02
9.779598563909530640e-02
9.767138957977294922e-02
9.749758243560791016e-02
9.730950742959976196e-02
9.712152183055877686e-02
9.691113233566284180e-02
9.671427309513092041e-02
9.695316851139068604e-02
9.664025902748107910e-02
9.649696946144104004e-02
9.641317278146743774e-02
9.630393981933593750e-02
9.618651121854782104e-02
9.604074060916900635e-02
9.579544514417648315e-02
9.559322148561477661e-02
9.523551166057586670e-02
9.499137848615646362e-02
9.471526741981506348e-02
9.467089176177978516e-02
9.459748864173889160e-02
9.456850588321685791e-02
9.448429942131042480e-02
9.429200738668441772e-02
9.414284676313400269e-02
9.401649236679077148e-02
9.388263523578643799e-02
9.373705089092254639e-02
9.357835352420806885e-02
9.341651201248168945e-02
9.322863072156906128e-02
9.310300648212432861e-02
9.290181845426559448e-02
9.269506484270095825e-02
9.248381108045578003e-02
9.235224127769470215e-02
9.223783761262893677e-02
9.208596497774124146e-02
9.199938923120498657e-02
9.191958606243133545e-02
9.180355817079544067e-02
9.171219170093536377e-02
9.158387035131454468e-02
9.138093143701553345e-02
9.123978763818740845e-02
9.103866666555404663e-02
9.087020158767700195e-02
9.071058034896850586e-02
9.085449576377868652e-02
9.061478078365325928e-02
9.054308384656906128e-02
9.037838131189346313e-02
9.021711349487304688e-02
9.007912874221801758e-02
9.002880752086639404e-02
9.000381082296371460e-02
8.989913761615753174e-02
8.982193470001220703e-02
8.971415460109710693e-02
8.954163640737533569e-02
8.952461928129196167e-02
8.944199979305267334e-02
8.924589306116104126e-02
8.899487555027008057e-02
8.880704641342163086e-02
8.855328708887100220e-02
8.831014484167098999e-02
8.803131431341171265e-02
8.770188689231872559e-02
8.749581128358840942e-02
8.738231658935546875e-02
8.691285550594329834e-02
8.625221252441406250e-02
8.559795469045639038e-02
8.520442992448806763e-02
8.576337248086929321e-02
8.502828329801559448e-02
8.487147837877273560e-02
8.476378023624420166e-02
8.466614782810211182e-02
8.459784835577011108e-02
8.457552641630172729e-02
8.455429971218109131e-02
8.453209698200225830e-02
8.452800661325454712e-02
8.449314534664154053e-02
8.445500582456588745e-02
8.439161628484725952e-02
8.429808169603347778e-02
8.417905867099761963e-02
8.399554342031478882e-02
8.386158943176269531e-02
8.364984393119812012e-02
8.349361270666122437e-02
8.337095379829406738e-02
8.327574282884597778e-02
8.333650976419448853e-02
8.322385698556900024e-02
8.309748768806457520e-02
8.288818597793579102e-02
8.261818438768386841e-02
8.223775029182434082e-02
8.244471251964569092e-02
8.209592849016189575e-02
8.182624727487564087e-02
8.143559098243713379e-02
8.101326972246170044e-02
8.051940053701400757e-02
8.048266917467117310e-02
7.991033047437667847e-02
7.971759140491485596e-02
7.956589013338088989e-02
7.944198697805404663e-02
7.931572198867797852e-02
7.920494675636291504e-02
7.909405976533889771e-02
7.894770801067352295e-02
7.882881164550781250e-02
7.866492122411727905e-02
7.852909713983535767e-02
7.840818166732788086e-02
7.835493236780166626e-02
7.831338793039321899e-02
7.825312018394470215e-02
7.820590585470199585e-02
7.816071808338165283e-02
7.805255055427551270e-02
7.790156453847885132e-02
7.771502435207366943e-02
7.753780484199523926e-02
7.731944322586059570e-02
7.711596786975860596e-02
7.692258805036544800e-02
7.682426273822784424e-02
7.675407081842422485e-02
7.668668776750564575e-02
7.664767652750015259e-02
7.660158723592758179e-02
7.654026150703430176e-02
7.646572589874267578e-02
7.638939470052719116e-02
7.631935179233551025e-02
7.617596536874771118e-02
7.614903151988983154e-02
7.603553682565689087e-02
7.582159340381622314e-02
7.556507736444473267e-02
7.532134652137756348e-02
7.518547028303146362e-02
7.501719146966934204e-02
7.490836828947067261e-02
7.481442391872406006e-02
7.476151734590530396e-02
7.473061233758926392e-02
7.468972355127334595e-02
7.465977966785430908e-02
7.459390163421630859e-02
7.448309659957885742e-02
7.435450702905654907e-02
7.420401275157928467e-02
7.401046901941299438e-02
7.395309954881668091e-02
7.382959127426147461e-02
7.364142686128616333e-02
7.395152747631072998e-02
7.355039566755294800e-02
7.340623438358306885e-02
7.320489734411239624e-02
7.306739687919616699e-02
7.296153903007507324e-02
7.286467403173446655e-02
7.278525829315185547e-02
7.269855588674545288e-02
7.263663411140441895e-02
7.256689667701721191e-02
7.251249253749847412e-02
7.247888296842575073e-02
7.246245443820953369e-02
7.243406027555465698e-02
7.240720093250274658e-02
7.238484919071197510e-02
7.237437367439270020e-02
7.234413921833038330e-02
7.229513674974441528e-02
7.222907245159149170e-02
7.215581089258193970e-02
7.203648984432220459e-02
7.190124690532684326e-02
7.175943255424499512e-02
7.156628370285034180e-02
7.147362828254699707e-02
7.127258181571960449e-02
7.109020650386810303e-02
7.095450162887573242e-02
7.082609087228775024e-02
7.070261985063552856e-02
7.059812545776367188e-02
7.058118283748626709e-02
7.055789977312088013e-02
7.046534121036529541e-02
7.039561122655868530e-02
7.028161734342575073e-02
7.017965614795684814e-02
7.007379829883575439e-02
6.997033953666687012e-02
6.983913481235504150e-02
6.973306089639663696e-02
6.943511217832565308e-02
6.930952519178390503e-02
6.918150931596755981e-02
6.890214234590530396e-02
6.868920475244522095e-02
6.854849308729171753e-02
6.834484636783599854e-02
6.806374341249465942e-02
6.770224124193191528e-02
6.746579706668853760e-02
6.714805960655212402e-02
6.694366782903671265e-02
6.666933745145797729e-02
6.646111607551574707e-02
6.630697846412658691e-02
6.615398824214935303e-02
6.604932248592376709e-02
6.590232998132705688e-02
6.579128652811050415e-02
6.566784530878067017e-02
6.551965326070785522e-02
6.537065654993057251e-02
6.517594307661056519e-02
6.504875421524047852e-02
6.485719233751296997e-02
6.473883986473083496e-02
6.461527198553085327e-02
6.455387920141220093e-02
6.451345235109329224e-02
6.448051333427429199e-02
6.442967802286148071e-02
6.439923495054244995e-02
6.436723470687866211e-02
6.431696563959121704e-02
6.425356119871139526e-02
6.415491551160812378e-02
6.407147645950317383e-02
6.394226849079132080e-02
6.379640102386474609e-02
6.367444247007369995e-02
6.354189664125442505e-02
6.344567984342575073e-02
6.332474946975708008e-02
6.313484162092208862e-02
6.307224929332733154e-02
6.294117867946624756e-02
6.280827522277832031e-02
6.264270842075347900e-02
6.259649991989135742e-02
6.254019588232040405e-02
6.241905316710472107e-02
6.227423623204231262e-02
6.205873936414718628e-02
6.185067817568778992e-02
6.174048036336898804e-02
6.167688220739364624e-02
6.162832304835319519e-02
6.158933043479919434e-02
6.157180666923522949e-02
6.156291067600250244e-02
6.152907758951187134e-02
6.149002909660339355e-02
6.147430092096328735e-02
6.144275143742561340e-02
6.140931323170661926e-02
6.136940047144889832e-02
6.132408976554870605e-02
6.124401837587356567e-02
6.115493923425674438e-02
6.101338937878608704e-02
6.084983423352241516e-02
6.082620844244956970e-02
6.067491695284843445e-02
6.037082523107528687e-02
6.014468893408775330e-02
5.993963405489921570e-02
5.980702489614486694e-02
5.965384468436241150e-02
5.956795811653137207e-02
5.942620709538459778e-02
5.924443900585174561e-02
5.908464267849922180e-02
5.881886184215545654e-02
5.863656476140022278e-02
5.846545845270156860e-02
5.822153389453887939e-02
5.797515809535980225e-02
5.783415585756301880e-02
5.758026242256164551e-02
5.736587196588516235e-02
5.726251378655433655e-02
5.691919475793838501e-02
5.671906471252441406e-02
5.646615102887153625e-02
5.628727748990058899e-02
5.609731748700141907e-02
5.568622425198554993e-02
5.536872893571853638e-02
5.508721247315406799e-02
5.483449250459671021e-02
5.467571318149566650e-02
5.445248261094093323e-02
5.425006523728370667e-02
5.405071005225181580e-02
5.390349030494689941e-02
5.381956696510314941e-02
5.362719669938087463e-02
5.330842360854148865e-02
5.309969931840896606e-02
5.292855203151702881e-02
5.281207710504531860e-02
5.270437896251678467e-02
5.259013548493385315e-02
5.253169685602188110e-02
5.230787023901939392e-02
5.205985903739929199e-02
5.177357047796249390e-02
5.157468467950820923e-02
5.138306319713592529e-02
5.121390894055366516e-02
5.105596408247947693e-02
5.095072463154792786e-02
5.081225931644439697e-02
5.063292756676673889e-02
5.049795284867286682e-02
5.042489618062973022e-02
5.036266148090362549e-02
5.027736350893974304e-02
5.021626129746437073e-02
5.011820048093795776e-02
5.004835501313209534e-02
4.999372735619544983e-02
4.996521025896072388e-02
4.990544542670249939e-02
4.985038191080093384e-02
4.979379102587699890e-02
4.972232133150100708e-02
4.962558299303054810e-02
4.953598231077194214e-02
4.939165711402893066e-02
4.922555759549140930e-02
4.903040453791618347e-02
4.882729426026344299e-02
4.860237985849380493e-02
4.844764992594718933e-02
4.829860851168632507e-02
4.807281866669654846e-02
4.795229807496070862e-02
4.772507771849632263e-02
4.756376892328262329e-02
4.727686941623687744e-02
4.706824570894241333e-02
4.684557765722274780e-02
4.673587530851364136e-02
4.667915403842926025e-02
4.659805819392204285e-02
4.650322347879409790e-02
4.639511182904243469e-02
4.631107673048973083e-02
4.619956389069557190e-02
4.610371217131614685e-02
4.606176167726516724e-02
4.598790779709815979e-02
4.595940560102462769e-02
4.592354223132133484e-02
4.590593650937080383e-02
4.586871713399887085e-02
4.583340883255004883e-02
4.579636827111244202e-02
4.574996232986450195e-02
4.571021348237991333e-02
4.567405208945274353e-02
4.563369229435920715e-02
4.560055211186408997e-02
4.553454369306564331e-02
4.547193273901939392e-02
4.532018676400184631e-02
4.517449811100959778e-02
4.502717778086662292e-02
4.513614624738693237e-02
4.495389387011528015e-02
4.487116634845733643e-02
4.473896697163581848e-02
4.459252581000328064e-02
4.448281228542327881e-02
4.432595521211624146e-02
4.411249607801437378e-02
4.428930208086967468e-02
4.404392093420028687e-02
4.376503080129623413e-02
4.360762983560562134e-02
4.344089701771736145e-02
4.306551441550254822e-02
4.282413423061370850e-02
4.257642105221748352e-02
4.222551733255386353e-02
4.186031967401504517e-02
4.170434549450874329e-02
4.153288155794143677e-02
4.143622890114784241e-02
4.130839183926582336e-02
4.121771827340126038e-02
4.112434014678001404e-02
4.104144498705863953e-02
4.099608212709426880e-02
4.097714275121688843e-02
4.093483462929725647e-02
4.088559746742248535e-02
4.080812633037567139e-02
4.072422906756401062e-02
4.061876982450485229e-02
4.052295163273811340e-02
4.036640003323554993e-02
4.028085991740226746e-02
4.013238474726676941e-02
4.003603383898735046e-02
3.996823355555534363e-02
3.991048038005828857e-02
3.979163989424705505e-02
3.960340097546577454e-02
3.947322815656661987e-02
3.926318511366844177e-02
3.916091844439506531e-02
3.902521729469299316e-02
3.889231383800506592e-02
3.879715874791145325e-02
3.869430720806121826e-02
3.847422078251838684e-02
3.837214782834053040e-02
3.809214755892753601e-02
3.782667964696884155e-02
3.762001916766166687e-02
3.747775778174400330e-02
3.736946359276771545e-02
3.710911422967910767e-02
3.700505569577217102e-02
3.684275969862937927e-02
3.674443811178207397e-02
3.668963164091110229e-02
3.666494041681289673e-02
3.661150112748146057e-02
3.659546747803688049e-02
3.655215725302696228e-02
3.653454780578613281e-02
3.652069717645645142e-02
3.647114709019660950e-02
3.641973435878753662e-02
3.636422008275985718e-02
3.623807430267333984e-02
3.615090623497962952e-02
3.602546080946922302e-02
3.584554418921470642e-02
3.562109917402267456e-02
3.551458567380905151e-02
3.544879332184791565e-02
3.518193960189819336e-02
3.493561223149299622e-02
3.477101027965545654e-02
3.456767275929450989e-02
3.404435142874717712e-02
3.359746187925338745e-02
3.330252319574356079e-02
3.364782035350799561e-02
3.313998878002166748e-02
3.282270580530166626e-02
3.250581771135330200e-02
3.225229308009147644e-02
3.200665116310119629e-02
3.185791894793510437e-02
3.176000341773033142e-02
3.155327588319778442e-02
3.133561089634895325e-02
3.111798129975795746e-02
3.085626848042011261e-02
3.070420026779174805e-02
3.042012825608253479e-02
3.026935644447803497e-02
2.999708056449890137e-02
2.963015437126159668e-02
2.915206924080848694e-02
2.870452404022216797e-02
2.864394336938858032e-02
2.842054702341556549e-02
2.793433330953121185e-02
2.746195904910564423e-02
2.675620652735233307e-02
2.630296722054481506e-02
2.618638984858989716e-02
2.583613060414791107e-02
2.550697326660156250e-02
2.504309266805648804e-02
2.464779093861579895e-02
2.419895492494106293e-02
2.370941080152988434e-02
2.343107573688030243e-02
2.259057760238647461e-02
2.229416556656360626e-02
2.235003188252449036e-02
2.208484895527362823e-02
2.185283415019512177e-02
2.175820060074329376e-02
2.165960706770420074e-02
2.154660597443580627e-02
2.146688476204872131e-02
2.138444036245346069e-02
2.127575501799583435e-02
2.117680385708808899e-02
2.099999971687793732e-02
2.077135257422924042e-02
2.068971283733844757e-02
2.055996656417846680e-02
2.040518820285797119e-02
2.031769976019859314e-02
2.027239277958869934e-02
2.020746283233165741e-02
2.018052898347377777e-02
2.012383751571178436e-02
2.005339786410331726e-02
1.996479928493499756e-02
1.987143605947494507e-02
1.971067301928997040e-02
1.952856779098510742e-02
1.928344555199146271e-02
1.909784227609634399e-02
1.891022548079490662e-02
1.875694096088409424e-02
1.858505047857761383e-02
1.832147873938083649e-02
1.801766641438007355e-02
1.769803464412689209e-02
1.760612055659294128e-02
1.742069423198699951e-02
1.730444468557834625e-02
1.717209070920944214e-02
1.709201000630855560e-02
1.689993962645530701e-02
1.668332330882549286e-02
1.650906540453433990e-02
1.732648164033889771e-02
1.628841273486614227e-02
1.615564897656440735e-02
1.588760316371917725e-02
1.563941873610019684e-02
1.547937933355569839e-02
1.531008537858724594e-02
1.515297405421733856e-02
1.498035062104463577e-02
1.483182609081268311e-02
1.475892122834920883e-02
1.466403063386678696e-02
1.457557827234268188e-02
1.450568437576293945e-02
1.442966982722282410e-02
1.440487895160913467e-02
1.431797631084918976e-02
1.424117758870124817e-02
1.416391320526599884e-02
1.402473356574773788e-02
1.401129923760890961e-02
1.389288064092397690e-02
1.371072605252265930e-02
1.347384229302406311e-02
1.342580746859312057e-02
1.327644847333431244e-02
1.300340425223112106e-02
1.317128911614418030e-02
1.294752769172191620e-02
1.277945563197135925e-02
1.271917670965194702e-02
1.263902708888053894e-02
1.257852744311094284e-02
1.253139879554510117e-02
1.240593474358320236e-02
1.230453979223966599e-02
1.219149399548768997e-02
1.208330225199460983e-02
1.197165902704000473e-02
1.187091879546642303e-02
1.181792002171278000e-02
1.177529431879520416e-02
1.166231185197830200e-02
1.147372368723154068e-02
1.129367947578430176e-02
1.122381072491407394e-02
1.107843685895204544e-02
1.098334416747093201e-02
1.091918069869279861e-02
1.085561420768499374e-02
1.080294512212276459e-02
1.073678582906723022e-02
1.067253481596708298e-02
1.063510123640298843e-02
1.054026558995246887e-02
1.044834125787019730e-02
1.024714019149541855e-02
1.011362951248884201e-02
1.001144479960203171e-02
9.904986247420310974e-03
9.776127524673938751e-03
9.734010323882102966e-03
9.591580368578433990e-03
9.393782354891300201e-03
9.132682345807552338e-03
8.834850043058395386e-03
8.433192037045955658e-03
8.826986886560916901e-03
8.275198750197887421e-03
8.173292502760887146e-03
7.975964806973934174e-03
7.812414783984422684e-03
7.629727013409137726e-03
7.530569098889827728e-03
7.431083358824253082e-03
7.475613150745630264e-03
7.248795125633478165e-03
7.146800402551889420e-03
7.015287410467863083e-03
6.866153329610824585e-03
6.635090801864862442e-03
6.497608032077550888e-03
6.272524129599332809e-03
6.121348123997449875e-03
8.080356754362583160e-03
5.872778594493865967e-03
5.740470252931118011e-03
5.485445726662874222e-03
5.210577044636011124e-03
4.911681171506643295e-03
4.733657930046319962e-03
4.475838039070367813e-03
4.189664497971534729e-03
3.661827649921178818e-03
3.213935997337102890e-03
3.108778968453407288e-03
2.803596900776028633e-03
2.606541616842150688e-03
2.283032983541488647e-03
1.923101488500833511e-03
1.603364478796720505e-03
1.352452905848622322e-03
5.300281336531043053e-04
-4.237269749864935875e-04
-1.539107994176447392e-03
-2.014395431615412235e-04
-2.015829551964998245e-03
-2.986249513924121857e-03
-3.738159313797950745e-03
-4.435405135154724121e-03
-4.824559669941663742e-03
-5.021284334361553192e-03
-5.157294683158397675e-03
-5.343477707356214523e-03
-5.517313256859779358e-03
-5.643067881464958191e-03
-5.731820594519376755e-03
-5.790291354060173035e-03
-5.847903434187173843e-03
-5.903949029743671417e-03
-5.923734512180089951e-03
-5.972179118543863297e-03
-5.993332713842391968e-03
-6.055145524442195892e-03
-6.152331829071044922e-03
-6.229293067008256912e-03
-6.335291080176830292e-03
-6.433879956603050232e-03
-6.519272923469543457e-03
-6.591778714209794998e-03
-6.628417409956455231e-03
-6.715689320117235184e-03
-6.808895152062177658e-03
-6.886419374495744705e-03
-6.962169427424669266e-03
-6.980582606047391891e-03
-7.036590483039617538e-03
-7.062584161758422852e-03
-7.151943631470203400e-03
-7.217501290142536163e-03
-7.224660366773605347e-03
-7.249533664435148239e-03
-7.268906570971012115e-03
-7.313973736017942429e-03
-7.383979391306638718e-03
-7.490022573620080948e-03
-7.684295997023582458e-03
-7.764401379972696304e-03
-7.996079511940479279e-03
-8.271622471511363983e-03
-8.374926634132862091e-03
-8.504547178745269775e-03
-8.551009930670261383e-03
-8.624965324997901917e-03
-8.735960349440574646e-03
-8.844474330544471741e-03
-9.020906873047351837e-03
-9.179749526083469391e-03
-9.330768138170242310e-03
-9.435648098587989807e-03
-9.563256986439228058e-03
-9.678488597273826599e-03
-9.796770289540290833e-03
-9.897524490952491760e-03
-9.996290318667888641e-03
-1.014155149459838867e-02
-1.028800196945667267e-02
-1.032659690827131271e-02
-1.037744432687759399e-02
-1.046767365187406540e-02
-1.054028421640396118e-02
-1.062086597084999084e-02
-1.067172084003686905e-02
-1.074749696999788284e-02
-1.085946056991815567e-02
-1.096394006162881851e-02
-1.106536481529474258e-02
-1.085948664695024490e-02
-1.110429409891366959e-02
-1.116527151316404343e-02
-1.131791342049837112e-02
-1.158289145678281784e-02
-1.139103807508945465e-02
-1.173724792897701263e-02
-1.218733750283718109e-02
-1.250719372183084488e-02
-1.268168259412050247e-02
-1.290815882384777069e-02
-1.315871346741914749e-02
-1.338712032884359360e-02
-1.365568861365318298e-02
-1.383582409471273422e-02
-1.400328148156404495e-02
-1.398424711078405380e-02
-1.403750292956829071e-02
-1.423652004450559616e-02
-1.437991578131914139e-02
-1.466251257807016373e-02
-1.491153705865144730e-02
-1.523898262530565262e-02
-1.539335772395133972e-02
-1.563246920704841614e-02
-1.573660038411617279e-02
-1.595143601298332214e-02
-1.608153991401195526e-02
-1.616589538753032684e-02
-1.622221432626247406e-02
-1.635718159377574921e-02
-1.643164455890655518e-02
-1.653403230011463165e-02
-1.664477959275245667e-02
-1.673656329512596130e-02
-1.689768955111503601e-02
-1.698169298470020294e-02
-1.710198074579238892e-02
-1.721807196736335754e-02
-1.732511632144451141e-02
-1.737684383988380432e-02
-1.747163757681846619e-02
-1.751812733709812164e-02
-1.763179525732994080e-02
-1.772322133183479309e-02
-1.777103170752525330e-02
-1.782464608550071716e-02
-1.790200360119342804e-02
-1.771693862974643707e-02
-1.793389022350311279e-02
-1.797182299196720123e-02
-1.809384115040302277e-02
-1.813335157930850983e-02
-1.818369142711162567e-02
-1.824893802404403687e-02
-1.836638897657394409e-02
-1.857161521911621094e-02
-1.868064329028129578e-02
-1.894374378025531769e-02
-1.927316375076770782e-02
-1.947026327252388000e-02
-1.958726160228252411e-02
-1.965976133942604065e-02
-1.975234597921371460e-02
-1.995614171028137207e-02
-2.018552273511886597e-02
-2.031161077320575714e-02
-2.056044898927211761e-02
-2.074556238949298859e-02
-2.096843346953392029e-02
-2.119921892881393433e-02
-2.132802084088325500e-02
-2.143121510744094849e-02
-2.149083092808723450e-02
-2.151593752205371857e-02
-2.159983292222023010e-02
-2.166997455060482025e-02
-2.172894403338432312e-02
-2.183013781905174255e-02
-2.197641693055629730e-02
-2.212860248982906342e-02
-2.229539304971694946e-02
-2.244619093835353851e-02
-2.261206693947315216e-02
-2.265302650630474091e-02
-2.282648533582687378e-02
-2.294793725013732910e-02
-2.309959009289741516e-02
-2.331741899251937866e-02
-2.349406480789184570e-02
-2.374055050313472748e-02
-2.366132475435733795e-02
-2.384563349187374115e-02
-2.406875975430011749e-02
-2.445094287395477295e-02
-2.470041066408157349e-02
-2.485928311944007874e-02
-2.481011115014553070e-02
-2.491210773587226868e-02
-2.501034364104270935e-02
-2.510221302509307861e-02
-2.521895430982112885e-02
-2.533344924449920654e-02
-2.540968731045722961e-02
-2.547449059784412384e-02
-2.552577108144760132e-02
-2.553554438054561615e-02
-2.557181194424629211e-02
-2.562046609818935394e-02
-2.567970007658004761e-02
-2.576703950762748718e-02
-2.576654590666294098e-02
-2.575907483696937561e-02
-2.573858387768268585e-02
-2.575190551578998566e-02
-2.576190233230590820e-02
-2.576703950762748718e-02
